-0.257172 0.0166611 1.10066e+008 
-0.257183 0.0166639 1.10066e+008 
-0.257175 0.0166639 1.10066e+008 
-0.257172 0.0166611 1.10066e+008 
-0.257161 0.0166556 1.10066e+008 
-0.257175 0.0166583 1.10066e+008 
-0.257186 0.0166694 1.10066e+008 
-0.257197 0.0166722 1.10066e+008 
-0.257181 0.0166667 1.10066e+008 
-0.257167 0.0166611 1.10066e+008 
-0.257164 0.0166639 1.10066e+008 
-0.257192 0.0166778 1.10066e+008 
-0.257206 0.0166639 1.10066e+008 
-0.257192 0.0166583 1.10066e+008 
-0.257181 0.0166694 1.10066e+008 
-0.257189 0.0166639 1.10066e+008 
-0.2572 0.0166639 1.10066e+008 
-0.257192 0.0166556 1.10066e+008 
-0.257194 0.0166556 1.10066e+008 
-0.2572 0.0166583 1.10066e+008 
-0.257189 0.0166583 1.10066e+008 
-0.257197 0.0166611 1.10066e+008 
-0.257192 0.0166639 1.10066e+008 
-0.257189 0.0166611 1.10066e+008 
-0.257192 0.0166528 1.10066e+008 
-0.2572 0.0166583 1.10066e+008 
-0.257208 0.0166694 1.10066e+008 
-0.257208 0.0166611 1.10066e+008 
-0.257189 0.0166556 1.10066e+008 
-0.257186 0.0166694 1.10066e+008 
-0.257194 0.0166611 1.10066e+008 
-0.257203 0.0166583 1.10066e+008 
-0.257206 0.0166667 1.10066e+008 
-0.257206 0.016675 1.10066e+008 
-0.257194 0.0166583 1.10066e+008 
-0.257194 0.0166722 1.10066e+008 
-0.257197 0.016675 1.10066e+008 
-0.257186 0.0166694 1.10066e+008 
-0.257194 0.0166639 1.10066e+008 
-0.257186 0.0166694 1.10066e+008 
-0.257183 0.0166694 1.10066e+008 
-0.2572 0.0166833 1.10066e+008 
-0.257192 0.0166694 1.10066e+008 
-0.257186 0.0166722 1.10066e+008 
-0.257186 0.016675 1.10066e+008 
-0.257197 0.0166639 1.10066e+008 
-0.257197 0.0166667 1.10066e+008 
-0.257186 0.0166722 1.10066e+008 
-0.257186 0.0166639 1.10066e+008 
-0.257183 0.0166667 1.10066e+008 
-0.257189 0.0166722 1.10066e+008 
-0.2572 0.0166722 1.10066e+008 
-0.257197 0.0166694 1.10066e+008 
-0.2572 0.0166722 1.10066e+008 
-0.257197 0.0166694 1.10066e+008 
-0.257194 0.0166694 1.10066e+008 
-0.257197 0.0166722 1.10066e+008 
-0.257197 0.0166694 1.10066e+008 
-0.257197 0.0166694 1.10066e+008 
-0.257194 0.0166639 1.10066e+008 
-0.257192 0.0166694 1.10066e+008 
-0.2572 0.0166806 1.10066e+008 
-0.257194 0.0166667 1.10066e+008 
-0.257194 0.0166611 1.10066e+008 
-0.257203 0.0166806 1.10066e+008 
-0.2572 0.0166778 1.10066e+008 
-0.257197 0.0166639 1.10066e+008 
-0.2572 0.0166722 1.10066e+008 
-0.257197 0.0166667 1.10066e+008 
-0.257197 0.0166722 1.10066e+008 
-0.257203 0.0166806 1.10066e+008 
-0.257194 0.0166694 1.10066e+008 
-0.257194 0.0166639 1.10066e+008 
-0.257197 0.016675 1.10066e+008 
-0.257194 0.0166722 1.10066e+008 
-0.257189 0.0166611 1.10066e+008 
-0.257194 0.0166667 1.10066e+008 
-0.257186 0.0166639 1.10066e+008 
-0.257194 0.0166639 1.10066e+008 
-0.257194 0.0166667 1.10066e+008 
-0.257197 0.0166667 1.10066e+008 
-0.257189 0.0166583 1.10066e+008 
-0.257203 0.016675 1.10066e+008 
-0.257189 0.0166639 1.10066e+008 
-0.257197 0.0166583 1.10066e+008 
-0.2572 0.0166667 1.10066e+008 
-0.257189 0.0166694 1.10066e+008 
-0.257189 0.0166611 1.10066e+008 
-0.257194 0.0166639 1.10066e+008 
-0.257197 0.0166611 1.10066e+008 
-0.257194 0.0166611 1.10066e+008 
-0.257192 0.0166611 1.10066e+008 
-0.257192 0.0166583 1.10066e+008 
-0.257192 0.0166611 1.10066e+008 
-0.2572 0.0166694 1.10066e+008 
-0.257203 0.0166694 1.10066e+008 
-0.257189 0.0166556 1.10066e+008 
-0.257197 0.0166639 1.10066e+008 
-0.257208 0.0166694 1.10066e+008 
-0.2572 0.0166639 1.10066e+008 
-0.257197 0.0166583 1.10066e+008 
-0.257194 0.0166611 1.10066e+008 
-0.257203 0.0166611 1.10066e+008 
-0.257208 0.0166639 1.10066e+008 
-0.257203 0.0166556 1.10066e+008 
-0.257206 0.0166722 1.10066e+008 
-0.257186 0.0166528 1.10066e+008 
-0.257197 0.0166472 1.10066e+008 
-0.257194 0.0166528 1.10066e+008 
-0.257197 0.0166667 1.10066e+008 
-0.257189 0.0166472 1.10066e+008 
-0.257197 0.0166472 1.10066e+008 
-0.257203 0.0166583 1.10066e+008 
-0.257189 0.0166583 1.10066e+008 
-0.257206 0.0166583 1.10066e+008 
-0.2572 0.0166528 1.10066e+008 
-0.257203 0.0166556 1.10066e+008 
-0.257203 0.0166583 1.10066e+008 
-0.257208 0.0166667 1.10066e+008 
-0.257203 0.0166556 1.10066e+008 
-0.257203 0.0166639 1.10066e+008 
-0.257194 0.0166611 1.10066e+008 
-0.257197 0.0166556 1.10066e+008 
-0.257203 0.0166528 1.10066e+008 
-0.257197 0.0166694 1.10066e+008 
-0.257189 0.0166583 1.10066e+008 
-0.257192 0.01665 1.10066e+008 
-0.257186 0.0166556 1.10066e+008 
-0.257197 0.0166639 1.10066e+008 
-0.257197 0.0166583 1.10066e+008 
-0.2572 0.0166611 1.10066e+008 
-0.257192 0.0166694 1.10066e+008 
-0.257197 0.0166667 1.10066e+008 
-0.257203 0.0166583 1.10066e+008 
-0.257206 0.0166611 1.10066e+008 
-0.257214 0.0166806 1.10066e+008 
-0.257206 0.0166611 1.10066e+008 
-0.257214 0.0166472 1.10066e+008 
-0.257219 0.0166583 1.10066e+008 
-0.257222 0.0166694 1.10066e+008 
-0.257208 0.0166472 1.10066e+008 
-0.257206 0.01665 1.10066e+008 
-0.257206 0.01665 1.10066e+008 
-0.257222 0.0166556 1.10066e+008 
-0.257217 0.0166472 1.10066e+008 
-0.257211 0.0166528 1.10066e+008 
-0.2572 0.01665 1.10066e+008 
-0.257203 0.0166444 1.10066e+008 
-0.257214 0.01665 1.10066e+008 
-0.257217 0.0166528 1.10066e+008 
-0.257217 0.0166611 1.10066e+008 
-0.257217 0.0166528 1.10066e+008 
-0.257214 0.01665 1.10066e+008 
-0.257214 0.0166583 1.10066e+008 
-0.257214 0.0166639 1.10066e+008 
-0.257208 0.0166528 1.10066e+008 
-0.257206 0.0166556 1.10066e+008 
-0.257214 0.0166611 1.10066e+008 
-0.257208 0.0166639 1.10066e+008 
-0.257208 0.0166611 1.10066e+008 
-0.257206 0.0166611 1.10066e+008 
-0.257208 0.0166528 1.10066e+008 
-0.257214 0.016675 1.10066e+008 
-0.257208 0.0166694 1.10066e+008 
-0.257211 0.0166611 1.10066e+008 
-0.257203 0.0166556 1.10066e+008 
-0.257206 0.0166694 1.10066e+008 
-0.257203 0.01665 1.10066e+008 
-0.257211 0.0166472 1.10066e+008 
-0.257208 0.0166556 1.10066e+008 
-0.257214 0.0166639 1.10066e+008 
-0.257208 0.0166444 1.10066e+008 
-0.2572 0.01665 1.10066e+008 
-0.257203 0.0166611 1.10066e+008 
-0.257211 0.0166528 1.10066e+008 
-0.257206 0.0166472 1.10066e+008 
-0.257206 0.0166556 1.10066e+008 
-0.257217 0.0166694 1.10066e+008 
-0.2572 0.01665 1.10066e+008 
-0.257211 0.0166528 1.10066e+008 
-0.257214 0.0166528 1.10066e+008 
-0.257214 0.0166639 1.10066e+008 
-0.257211 0.0166472 1.10066e+008 
-0.257214 0.0166556 1.10066e+008 
-0.257225 0.0166611 1.10066e+008 
-0.257219 0.0166556 1.10066e+008 
-0.257214 0.01665 1.10066e+008 
-0.257217 0.0166667 1.10066e+008 
-0.257214 0.0166611 1.10066e+008 
-0.257219 0.0166583 1.10066e+008 
-0.257211 0.0166583 1.10066e+008 
-0.257211 0.0166694 1.10066e+008 
-0.257208 0.0166583 1.10066e+008 
-0.257208 0.0166583 1.10066e+008 
-0.257208 0.0166611 1.10066e+008 
-0.257203 0.0166583 1.10066e+008 
-0.257203 0.0166556 1.10066e+008 
-0.257203 0.01665 1.10066e+008 
-0.257206 0.01665 1.10066e+008 
-0.257203 0.0166528 1.10066e+008 
-0.257192 0.0166472 1.10066e+008 
-0.2572 0.0166417 1.10066e+008 
-0.257208 0.0166583 1.10066e+008 
-0.257208 0.0166639 1.10066e+008 
-0.2572 0.01665 1.10066e+008 
-0.2572 0.0166389 1.10066e+008 
-0.257197 0.0166583 1.10066e+008 
-0.257214 0.0166583 1.10066e+008 
-0.257208 0.0166556 1.10066e+008 
-0.2572 0.0166472 1.10066e+008 
-0.257197 0.0166611 1.10066e+008 
-0.257189 0.01665 1.10066e+008 
-0.2572 0.0166528 1.10066e+008 
-0.257203 0.0166472 1.10066e+008 
-0.257197 0.0166611 1.10066e+008 
