-0.257472 0.0219889 305.864 
-0.257472 0.0219889 305.864 
-0.257464 0.0220083 305.864 
-0.257467 0.0219917 305.864 
-0.257481 0.0219833 305.864 
-0.257481 0.0219944 305.864 
-0.257467 0.0219917 305.864 
-0.257464 0.0219806 305.864 
-0.257467 0.0219778 305.864 
-0.257481 0.0219861 305.864 
-0.257478 0.0219944 305.864 
-0.257461 0.0219833 305.864 
-0.257469 0.0219722 305.864 
-0.257489 0.0219917 305.864 
-0.257478 0.022 305.864 
-0.257464 0.0219806 305.864 
-0.257478 0.021975 305.864 
-0.257478 0.0219944 305.864 
-0.257492 0.0219833 305.864 
-0.257494 0.0219833 305.864 
-0.257481 0.0219806 305.864 
-0.257472 0.0219889 305.864 
-0.257494 0.0219806 305.864 
-0.257492 0.0219778 305.864 
-0.257494 0.021975 305.864 
-0.257486 0.0219889 305.864 
-0.257481 0.0219722 305.864 
-0.2575 0.0219722 305.864 
-0.2575 0.0219861 305.864 
-0.257494 0.0219917 305.864 
-0.257492 0.0219722 305.864 
-0.257494 0.0219778 305.864 
-0.257489 0.0219833 305.864 
-0.257492 0.021975 305.864 
-0.257492 0.0219722 305.864 
-0.257489 0.0219722 305.864 
-0.257489 0.0219778 305.864 
-0.257494 0.021975 305.864 
-0.257489 0.0219694 305.864 
-0.257506 0.0219778 305.864 
-0.257497 0.0219889 305.864 
-0.257492 0.0219722 305.864 
-0.2575 0.0219722 305.864 
-0.257492 0.0219861 305.864 
-0.257494 0.0219917 305.864 
-0.257494 0.021975 305.864 
-0.257494 0.0219778 305.864 
-0.257489 0.0219861 305.864 
-0.257489 0.0219833 305.864 
-0.257489 0.0219806 305.864 
-0.257489 0.0219778 305.864 
-0.257494 0.0219778 305.864 
-0.257483 0.0219778 305.864 
-0.257489 0.0219722 305.864 
-0.257492 0.0219778 305.864 
-0.257486 0.021975 305.864 
-0.257483 0.0219722 305.864 
-0.257483 0.0219694 305.864 
-0.257489 0.0219778 305.864 
-0.257492 0.021975 305.864 
-0.257492 0.0219722 305.864 
-0.257489 0.0219667 305.864 
-0.257489 0.0219778 305.864 
-0.257497 0.0219722 305.864 
-0.257486 0.0219722 305.864 
-0.257489 0.0219722 305.864 
-0.257492 0.021975 305.864 
-0.257492 0.0219722 305.864 
-0.257494 0.021975 305.864 
-0.257497 0.0219806 305.864 
-0.2575 0.021975 305.864 
-0.257494 0.0219722 305.864 
-0.257494 0.0219778 305.864 
-0.257497 0.0219861 305.864 
-0.257497 0.021975 305.864 
-0.2575 0.021975 305.864 
-0.257494 0.0219722 305.864 
-0.257494 0.0219722 305.864 
-0.257497 0.0219722 305.864 
-0.257497 0.0219694 305.864 
-0.257497 0.021975 305.864 
-0.257492 0.0219694 305.864 
-0.257492 0.0219611 305.864 
-0.257497 0.0219556 305.864 
-0.257494 0.0219694 305.864 
-0.2575 0.0219583 305.864 
-0.257486 0.02195 305.864 
-0.2575 0.0219583 305.864 
-0.257492 0.0219583 305.864 
-0.257497 0.0219556 305.864 
-0.2575 0.0219528 305.864 
-0.257497 0.0219556 305.864 
-0.257492 0.0219556 305.864 
-0.257503 0.0219611 305.864 
-0.257492 0.02195 305.864 
-0.257497 0.0219528 305.864 
-0.257489 0.0219556 305.864 
-0.257489 0.02195 305.864 
-0.257492 0.0219528 305.864 
-0.257492 0.0219583 305.864 
-0.257486 0.0219611 305.864 
-0.257486 0.02195 305.864 
-0.257492 0.0219556 305.864 
-0.257497 0.02195 305.864 
-0.2575 0.0219528 305.864 
-0.257503 0.0219556 305.864 
-0.257475 0.02195 305.864 
-0.2575 0.0219444 305.864 
-0.257508 0.0219528 305.864 
-0.257492 0.0219611 305.864 
-0.257494 0.0219472 305.864 
-0.257497 0.02195 305.864 
-0.257497 0.0219583 305.864 
-0.257492 0.0219611 305.864 
-0.257503 0.0219417 305.864 
-0.257497 0.0219556 305.864 
-0.257494 0.0219472 305.864 
-0.257494 0.0219472 305.864 
-0.257486 0.0219417 305.864 
-0.2575 0.02195 305.864 
-0.257489 0.0219417 305.864 
-0.257489 0.0219389 305.864 
-0.257489 0.0219389 305.864 
-0.257492 0.0219444 305.864 
-0.257489 0.0219472 305.864 
-0.257486 0.0219389 305.864 
-0.257483 0.0219389 305.864 
-0.257481 0.0219389 305.864 
-0.257486 0.0219417 305.864 
-0.257486 0.0219417 305.864 
-0.257481 0.0219472 305.864 
-0.257486 0.0219417 305.864 
-0.257486 0.0219361 305.864 
-0.257489 0.0219444 305.864 
-0.257483 0.02195 305.864 
-0.257492 0.0219417 305.864 
-0.257475 0.0219333 305.864 
-0.257486 0.0219361 305.864 
-0.257483 0.0219472 305.864 
-0.257489 0.0219389 305.864 
-0.257483 0.0219333 305.864 
-0.257478 0.0219333 305.864 
-0.257478 0.0219472 305.864 
-0.257481 0.0219389 305.864 
-0.257483 0.0219333 305.864 
-0.257481 0.0219389 305.864 
-0.257481 0.0219389 305.864 
-0.257481 0.0219278 305.864 
-0.257489 0.0219361 305.864 
-0.257486 0.0219417 305.864 
-0.257486 0.0219333 305.864 
-0.257478 0.0219167 305.864 
-0.257489 0.0219306 305.864 
-0.257486 0.0219389 305.864 
-0.257489 0.0219306 305.864 
-0.257475 0.0219139 305.864 
-0.257489 0.0219306 305.864 
-0.257492 0.0219417 305.864 
-0.257483 0.0219278 305.864 
-0.257486 0.0219194 305.864 
-0.257481 0.0219361 305.864 
-0.257478 0.0219333 305.864 
-0.257492 0.0219194 305.864 
-0.257492 0.0219361 305.864 
-0.257481 0.0219389 305.864 
-0.257481 0.021925 305.864 
-0.257475 0.0219194 305.864 
-0.257483 0.0219306 305.864 
-0.257492 0.0219361 305.864 
-0.257478 0.0219306 305.864 
-0.257472 0.0219139 305.864 
-0.257478 0.0219194 305.864 
-0.257478 0.0219306 305.864 
-0.257489 0.0219278 305.864 
-0.257475 0.0219194 305.864 
-0.257472 0.0219139 305.864 
-0.257475 0.0219111 305.864 
-0.257481 0.0219111 305.864 
-0.257478 0.0219167 305.864 
-0.257481 0.0219167 305.864 
-0.257481 0.0219111 305.864 
-0.257469 0.0219028 305.864 
-0.257478 0.0219139 305.864 
-0.257478 0.0219139 305.864 
-0.257469 0.0219139 305.864 
-0.257475 0.0218944 305.864 
-0.257467 0.0219056 305.864 
-0.257478 0.0219111 305.864 
-0.257478 0.0219194 305.864 
-0.257467 0.0218972 305.864 
-0.257475 0.0219194 305.864 
-0.257472 0.0219083 305.864 
-0.257478 0.0219139 305.864 
-0.257478 0.0219111 305.864 
-0.257475 0.0219222 305.864 
-0.257472 0.0219083 305.864 
-0.257486 0.0219139 305.864 
-0.257483 0.0219222 305.864 
-0.257475 0.0219167 305.864 
-0.257478 0.0219083 305.864 
-0.257475 0.0219083 305.864 
-0.257478 0.0219194 305.864 
-0.257481 0.0219167 305.864 
-0.257481 0.0219167 305.864 
-0.257475 0.0219083 305.864 
-0.257481 0.0219167 305.864 
-0.257478 0.0219083 305.864 
-0.257483 0.0219111 305.864 
-0.257481 0.0219 305.864 
-0.257478 0.0219139 305.864 
-0.257475 0.0219028 305.864 
-0.257472 0.0219028 305.864 
-0.257472 0.0219028 305.864 
-0.257481 0.021925 305.864 
-0.257467 0.0218917 305.864 
-0.257464 0.0218917 305.864 
-0.257467 0.0219083 305.864 
-0.257475 0.0219167 305.864 
-0.257481 0.0219 305.864 
-0.257469 0.0219028 305.864 
-0.257475 0.0219 305.864 
-0.257478 0.0219139 305.864 
-0.257475 0.0219139 305.864 
-0.257486 0.0219028 305.864 
-0.257472 0.0219083 305.864 
-0.257469 0.0219111 305.864 
-0.257472 0.0219028 305.864 
-0.257478 0.0218944 305.864 
-0.257472 0.021925 305.864 
-0.257475 0.0218972 305.864 
-0.257467 0.0218889 305.864 
-0.257481 0.0219 305.864 
-0.257486 0.021925 305.864 
-0.257481 0.0218889 305.864 
-0.257481 0.0218944 305.864 
-0.257481 0.0218972 305.864 
-0.257486 0.0219111 305.864 
-0.257497 0.0219 305.864 
-0.257494 0.0218917 305.864 
-0.257483 0.0218944 305.864 
-0.257486 0.0219056 305.864 
-0.257483 0.0218944 305.864 
-0.2575 0.0218917 305.864 
-0.257489 0.0219083 305.864 
-0.257478 0.0218917 305.864 
-0.257486 0.0218833 305.864 
-0.257489 0.0218917 305.864 
-0.257494 0.0219083 305.864 
-0.257492 0.0218917 305.864 
-0.257486 0.0218917 305.864 
-0.257497 0.0219 305.864 
-0.257503 0.0219056 305.864 
-0.257503 0.0218889 305.864 
-0.257494 0.0218944 305.864 
-0.257494 0.0218972 305.864 
-0.257503 0.0219 305.864 
-0.257497 0.0218833 305.864 
-0.257503 0.0219 305.864 
-0.257494 0.0219028 305.864 
-0.257494 0.0218917 305.864 
-0.257489 0.0218833 305.864 
-0.257506 0.0219083 305.864 
-0.257503 0.0219083 305.864 
-0.257503 0.0218889 305.864 
-0.2575 0.0218889 305.864 
-0.2575 0.0219056 305.864 
-0.257506 0.0218944 305.864 
-0.257503 0.0218778 305.864 
-0.2575 0.0218889 305.864 
-0.257503 0.0218944 305.864 
-0.257497 0.0218861 305.864 
-0.2575 0.021875 305.864 
-0.257503 0.0219 305.864 
-0.257506 0.0218889 305.864 
-0.2575 0.0218833 305.864 
-0.257506 0.021875 305.864 
-0.257508 0.0219028 305.864 
-0.257511 0.0218889 305.864 
-0.257506 0.0218778 305.864 
-0.257511 0.0218861 305.864 
-0.257506 0.0219056 305.864 
-0.257508 0.0218833 305.864 
-0.2575 0.0218722 305.864 
-0.257506 0.0218917 305.864 
-0.257506 0.0219 305.864 
-0.257503 0.021875 305.864 
-0.2575 0.0218806 305.864 
-0.257511 0.0219 305.864 
-0.257503 0.0218889 305.864 
-0.257503 0.021875 305.864 
-0.257506 0.0218833 305.864 
-0.257508 0.0219 305.864 
-0.257508 0.0218917 305.864 
-0.257503 0.0218889 305.864 
-0.257511 0.0218972 305.864 
-0.257503 0.0218944 305.864 
-0.257508 0.0218806 305.864 
-0.257508 0.0218861 305.864 
-0.257503 0.0218889 305.864 
-0.257511 0.0218833 305.864 
-0.257508 0.0218806 305.864 
-0.257508 0.0218889 305.864 
-0.2575 0.0218806 305.864 
-0.257506 0.0218778 305.864 
-0.257511 0.0218806 305.864 
-0.257511 0.0218889 305.864 
-0.257508 0.0218806 305.864 
-0.257506 0.0218806 305.864 
-0.257508 0.0218778 305.864 
-0.257506 0.0218889 305.864 
-0.257503 0.0218778 305.864 
-0.257506 0.0218833 305.864 
-0.257511 0.0218917 305.864 
-0.257506 0.0218944 305.864 
-0.257497 0.0218722 305.864 
-0.257508 0.0218833 305.864 
-0.257508 0.0219 305.864 
-0.257511 0.0218806 305.864 
-0.257508 0.0218694 305.864 
-0.257508 0.0218806 305.864 
-0.257511 0.0219 305.864 
-0.257508 0.0218722 305.864 
-0.257508 0.021875 305.864 
-0.257517 0.0218806 305.864 
-0.257508 0.0218944 305.864 
-0.257511 0.021875 305.864 
-0.257517 0.0218778 305.864 
-0.257508 0.0218778 305.864 
-0.257511 0.0218889 305.864 
-0.257514 0.0218694 305.864 
-0.257508 0.0218667 305.864 
-0.257514 0.0218722 305.864 
-0.257514 0.0218778 305.864 
-0.257506 0.0218528 305.864 
-0.257517 0.0218639 305.864 
-0.257514 0.0218694 305.864 
-0.257517 0.0218694 305.864 
-0.257517 0.0218583 305.864 
-0.257514 0.0218611 305.864 
-0.257517 0.0218694 305.864 
-0.257519 0.0218806 305.864 
-0.257519 0.0218667 305.864 
-0.257514 0.0218639 305.864 
-0.257517 0.021875 305.864 
-0.257517 0.0218694 305.864 
-0.257522 0.0218667 305.864 
-0.257528 0.021875 305.864 
-0.257511 0.0218778 305.864 
-0.257514 0.0218667 305.864 
-0.257525 0.021875 305.864 
-0.257517 0.021875 305.864 
-0.257514 0.0218694 305.864 
-0.257506 0.0218583 305.864 
-0.257517 0.0218833 305.864 
-0.257522 0.0218778 305.864 
-0.257514 0.0218694 305.864 
-0.257508 0.0218694 305.864 
-0.257517 0.0218639 305.864 
-0.257525 0.0218639 305.864 
-0.257536 0.0218639 305.864 
-0.257528 0.0218722 305.864 
-0.257531 0.0218583 305.864 
-0.257517 0.0218528 305.864 
-0.257525 0.0218583 305.864 
-0.257533 0.0218806 305.864 
-0.257533 0.0218667 305.864 
-0.257533 0.0218556 305.864 
-0.257528 0.0218639 305.864 
-0.257533 0.0218778 305.864 
-0.257536 0.0218611 305.864 
-0.257542 0.0218722 305.864 
-0.257531 0.0218833 305.864 
-0.257525 0.0218778 305.864 
-0.257525 0.0218611 305.864 
-0.257528 0.0218778 305.864 
-0.257531 0.0218722 305.864 
-0.257517 0.0218667 305.864 
-0.257511 0.0218583 305.864 
-0.257528 0.0218722 305.864 
-0.257528 0.0218694 305.864 
-0.257525 0.021875 305.864 
-0.257517 0.0218639 305.864 
-0.257522 0.0218639 305.864 
-0.257528 0.0218667 305.864 
-0.257539 0.0218861 305.864 
-0.257536 0.0218778 305.864 
-0.257522 0.0218639 305.864 
-0.257519 0.0218639 305.864 
-0.257531 0.0218694 305.864 
-0.257528 0.0218639 305.864 
-0.257536 0.0218639 305.864 
-0.257528 0.0218694 305.864 
-0.257522 0.0218556 305.864 
-0.257528 0.0218556 305.864 
-0.257528 0.0218694 305.864 
-0.257528 0.0218778 305.864 
-0.257528 0.0218583 305.864 
-0.257517 0.0218583 305.864 
-0.257522 0.0218722 305.864 
-0.257531 0.021875 305.864 
-0.257522 0.0218639 305.864 
-0.257533 0.0218583 305.864 
-0.257533 0.0218722 305.864 
-0.257531 0.0218611 305.864 
-0.257533 0.02185 305.864 
-0.257544 0.0218639 305.864 
-0.257531 0.0218722 305.864 
-0.257519 0.0218361 305.864 
-0.257531 0.0218417 305.864 
-0.257528 0.0218639 305.864 
-0.257536 0.0218611 305.864 
-0.257533 0.0218361 305.864 
-0.257522 0.0218556 305.864 
-0.257536 0.0218667 305.864 
-0.257525 0.0218556 305.864 
-0.257533 0.0218417 305.864 
-0.257525 0.0218667 305.864 
-0.257525 0.0218556 305.864 
-0.257522 0.0218389 305.864 
-0.257533 0.0218389 305.864 
-0.257531 0.0218611 305.864 
-0.257525 0.0218417 305.864 
-0.257525 0.0218306 305.864 
-0.257525 0.0218333 305.864 
-0.257531 0.0218583 305.864 
-0.257528 0.0218472 305.864 
-0.257525 0.0218333 305.864 
-0.257525 0.0218389 305.864 
-0.257536 0.0218611 305.864 
-0.257531 0.0218417 305.864 
-0.257522 0.0218278 305.864 
-0.257531 0.0218472 305.864 
-0.257528 0.02185 305.864 
-0.257525 0.0218361 305.864 
-0.257528 0.0218333 305.864 
-0.257525 0.02185 305.864 
-0.257522 0.0218222 305.864 
-0.257528 0.0218333 305.864 
-0.257531 0.0218306 305.864 
-0.257533 0.0218444 305.864 
-0.257525 0.0218278 305.864 
-0.257525 0.0218306 305.864 
-0.257531 0.0218278 305.864 
-0.257542 0.02185 305.864 
-0.257539 0.0218361 305.864 
-0.257536 0.0218306 305.864 
-0.257547 0.0218333 305.864 
-0.257542 0.0218306 305.864 
-0.257547 0.0218306 305.864 
-0.257539 0.021825 305.864 
-0.257533 0.021825 305.864 
-0.257542 0.0218139 305.864 
-0.257539 0.0218333 305.864 
-0.257542 0.0218222 305.864 
-0.257533 0.0218278 305.864 
-0.257533 0.0218139 305.864 
-0.257539 0.0218278 305.864 
-0.257539 0.0218222 305.864 
-0.257536 0.021825 305.864 
-0.257533 0.0218139 305.864 
-0.257531 0.0218194 305.864 
-0.257533 0.0218167 305.864 
-0.257528 0.0218194 305.864 
-0.257533 0.0218194 305.864 
-0.257533 0.0218222 305.864 
-0.257517 0.0218111 305.864 
-0.257528 0.0218167 305.864 
-0.257531 0.0218222 305.864 
-0.257531 0.0218222 305.864 
-0.257525 0.0218222 305.864 
-0.257522 0.0218194 305.864 
-0.257525 0.021825 305.864 
-0.257533 0.0218278 305.864 
-0.257528 0.0218306 305.864 
-0.257525 0.0218167 305.864 
-0.257533 0.0218333 305.864 
-0.257525 0.021825 305.864 
-0.257528 0.0218194 305.864 
-0.257525 0.0218167 305.864 
-0.257528 0.0218194 305.864 
-0.257531 0.0218028 305.864 
-0.257528 0.0218056 305.864 
-0.257525 0.0218111 305.864 
-0.257531 0.0218194 305.864 
-0.257531 0.0218028 305.864 
