-0.227286 0.0441278 305.903 
-0.227294 0.0441583 305.903 
-0.227292 0.0441611 305.903 
-0.227292 0.0441417 305.903 
-0.227306 0.0441222 305.903 
-0.227308 0.0441611 305.903 
-0.227303 0.0441556 305.903 
-0.227294 0.0441389 305.903 
-0.2273 0.0441139 305.903 
-0.227297 0.04415 305.903 
-0.227303 0.0441444 305.903 
-0.2273 0.0441278 305.903 
-0.227303 0.0441167 305.903 
-0.2273 0.0441417 305.903 
-0.227297 0.0441444 305.903 
-0.227294 0.0441167 305.903 
-0.227297 0.0441083 305.903 
-0.227303 0.0441417 305.903 
-0.227317 0.04415 305.903 
-0.227297 0.0441028 305.903 
-0.227306 0.0441306 305.903 
-0.227306 0.0441417 305.903 
-0.227308 0.0441444 305.903 
-0.227322 0.0441083 305.903 
-0.227303 0.044125 305.903 
-0.227303 0.0441278 305.903 
-0.2273 0.0441389 305.903 
-0.227303 0.0441056 305.903 
-0.227311 0.0441111 305.903 
-0.227303 0.0441222 305.903 
-0.227306 0.0441417 305.903 
-0.227297 0.0441083 305.903 
-0.2273 0.0441083 305.903 
-0.2273 0.0441278 305.903 
-0.227306 0.0441389 305.903 
-0.227297 0.0441083 305.903 
-0.227306 0.0441028 305.903 
-0.227297 0.044125 305.903 
-0.227303 0.0441278 305.903 
-0.227306 0.0441083 305.903 
-0.227314 0.0441028 305.903 
-0.227292 0.0441194 305.903 
-0.227303 0.0441222 305.903 
-0.227294 0.0440972 305.903 
-0.227297 0.0441 305.903 
-0.2273 0.0441139 305.903 
-0.227297 0.0441139 305.903 
-0.227306 0.0441056 305.903 
-0.227306 0.0441056 305.903 
-0.227303 0.0441111 305.903 
-0.227306 0.0441361 305.903 
-0.227308 0.0441139 305.903 
-0.227306 0.0440944 305.903 
-0.227314 0.0441167 305.903 
-0.227308 0.0441361 305.903 
-0.227314 0.0441056 305.903 
-0.227308 0.0440972 305.903 
-0.227308 0.0441222 305.903 
-0.227311 0.0441278 305.903 
-0.227314 0.0441111 305.903 
-0.227319 0.0441028 305.903 
-0.227322 0.0441222 305.903 
-0.227317 0.0441222 305.903 
-0.227308 0.0441167 305.903 
-0.227314 0.0441056 305.903 
-0.227322 0.0441278 305.903 
-0.227339 0.044125 305.903 
-0.227325 0.0441278 305.903 
-0.227331 0.0441111 305.903 
-0.227317 0.0441028 305.903 
-0.227328 0.044125 305.903 
-0.227339 0.0441278 305.903 
-0.227331 0.0441 305.903 
-0.227322 0.0441056 305.903 
-0.227322 0.0441333 305.903 
-0.227319 0.0441083 305.903 
-0.227322 0.0441083 305.903 
-0.227328 0.0441111 305.903 
-0.227328 0.0441222 305.903 
-0.227319 0.0441056 305.903 
-0.227322 0.0441139 305.903 
-0.227322 0.0441056 305.903 
-0.227328 0.0441194 305.903 
-0.227328 0.0441083 305.903 
-0.227331 0.0441083 305.903 
-0.227331 0.0441111 305.903 
-0.227325 0.0441222 305.903 
-0.227319 0.0441083 305.903 
-0.227322 0.0441111 305.903 
-0.227328 0.0441222 305.903 
-0.227333 0.0441194 305.903 
-0.227331 0.0441139 305.903 
-0.227331 0.0441111 305.903 
-0.227331 0.0441167 305.903 
-0.227339 0.0441222 305.903 
-0.227331 0.0441194 305.903 
-0.227333 0.0441056 305.903 
-0.227336 0.0441139 305.903 
-0.227339 0.0441139 305.903 
-0.227325 0.0441028 305.903 
-0.227339 0.0441111 305.903 
-0.227333 0.0441222 305.903 
-0.227331 0.0441139 305.903 
-0.227325 0.0441028 305.904 
-0.227331 0.0441056 305.904 
-0.227328 0.0441111 305.903 
-0.227339 0.0441194 305.903 
-0.227333 0.0441028 305.903 
-0.227322 0.0441 305.904 
-0.227328 0.0441056 305.904 
-0.227322 0.0441167 305.903 
-0.227328 0.0441056 305.903 
-0.227325 0.0441056 305.904 
-0.227328 0.0441111 305.903 
-0.227328 0.044125 305.903 
-0.227325 0.0441028 305.904 
-0.227322 0.0441028 305.904 
-0.227322 0.0441167 305.903 
-0.227331 0.044125 305.903 
-0.227325 0.0441056 305.904 
-0.227314 0.0440972 305.904 
-0.227328 0.0441111 305.904 
-0.227328 0.0441111 305.904 
-0.227328 0.0441139 305.904 
-0.227325 0.0441056 305.904 
-0.227322 0.0441111 305.904 
-0.227328 0.0441167 305.904 
-0.227325 0.0441167 305.904 
-0.227328 0.0440972 305.904 
-0.227331 0.0441028 305.904 
-0.227339 0.0441083 305.904 
-0.227322 0.0441083 305.904 
-0.227333 0.0440972 305.904 
-0.227322 0.0440889 305.904 
-0.227347 0.0441056 305.904 
-0.227336 0.0441028 305.904 
-0.227331 0.0440972 305.904 
-0.227331 0.0440833 305.904 
-0.22735 0.0441083 305.904 
-0.227342 0.0440972 305.904 
-0.227333 0.0440944 305.904 
-0.227353 0.0440944 305.904 
-0.227342 0.0441083 305.904 
-0.227347 0.0441 305.904 
-0.227336 0.0441 305.904 
-0.22735 0.0440917 305.904 
-0.227344 0.0441028 305.904 
-0.227356 0.0441028 305.904 
-0.227339 0.0440917 305.904 
-0.227342 0.0440861 305.904 
-0.227347 0.0441028 305.904 
-0.227347 0.0441028 305.904 
-0.227347 0.0440861 305.904 
-0.227344 0.0441 305.904 
-0.227347 0.0441056 305.904 
-0.227336 0.0440972 305.904 
-0.227342 0.0440917 305.904 
-0.227339 0.0440972 305.904 
-0.227347 0.0440833 305.904 
-0.227347 0.0440917 305.904 
-0.227347 0.0440944 305.904 
-0.227336 0.0440889 305.904 
-0.227336 0.0440778 305.904 
-0.227339 0.0440861 305.904 
-0.227344 0.0440944 305.904 
-0.227336 0.0440861 305.904 
-0.227336 0.0440861 305.904 
-0.227331 0.0440806 305.904 
-0.227339 0.0440833 305.904 
-0.227342 0.0440722 305.904 
-0.227342 0.0441 305.904 
-0.22735 0.0440833 305.904 
-0.227339 0.0440833 305.904 
-0.227339 0.0440806 305.904 
-0.227344 0.0440861 305.904 
-0.227356 0.044075 305.904 
-0.227361 0.0440889 305.904 
-0.22735 0.044075 305.904 
-0.227339 0.044075 305.904 
-0.227339 0.0440694 305.904 
-0.227347 0.0440778 305.904 
-0.227356 0.0440806 305.904 
-0.227361 0.0440778 305.904 
-0.227356 0.0440778 305.904 
-0.227353 0.0440778 305.904 
-0.22735 0.0440778 305.904 
-0.227353 0.0440722 305.904 
-0.227361 0.0440861 305.904 
-0.227367 0.0440722 305.904 
-0.227353 0.0440667 305.904 
-0.227361 0.044075 305.904 
-0.227356 0.044075 305.904 
-0.227364 0.0440694 305.904 
-0.227369 0.0440806 305.904 
-0.227369 0.0440806 305.904 
-0.22735 0.0440611 305.904 
-0.227347 0.0440667 305.904 
-0.227356 0.0440722 305.904 
-0.227364 0.0440778 305.904 
-0.227367 0.0440694 305.904 
-0.227358 0.0440778 305.904 
-0.227344 0.0440583 305.904 
-0.227344 0.0440722 305.904 
-0.227353 0.0440722 305.904 
-0.227369 0.0440722 305.904 
-0.227372 0.0440639 305.904 
-0.227358 0.0440861 305.904 
-0.22735 0.0440667 305.904 
-0.227347 0.0440528 305.904 
-0.227361 0.0440694 305.904 
-0.227364 0.0440917 305.904 
-0.227358 0.0440694 305.904 
-0.22735 0.0440583 305.904 
-0.227344 0.0440722 305.904 
-0.22735 0.044075 305.904 
-0.227361 0.0440611 305.904 
-0.227372 0.0440639 305.904 
-0.227358 0.0440944 305.904 
-0.227347 0.0440639 305.904 
-0.227344 0.0440472 305.904 
-0.227361 0.0440528 305.904 
-0.227375 0.0440694 305.904 
-0.227383 0.0440556 305.904 
-0.227367 0.0440556 305.904 
-0.227364 0.0440528 305.904 
-0.227356 0.0440528 305.904 
-0.227372 0.0440639 305.904 
-0.227375 0.0440583 305.904 
-0.227383 0.0440583 305.904 
-0.227381 0.0440583 305.904 
-0.227372 0.0440667 305.904 
-0.227369 0.0440472 305.904 
-0.227367 0.0440528 305.904 
-0.227369 0.0440556 305.904 
-0.227372 0.0440722 305.904 
-0.227369 0.0440472 305.904 
-0.227361 0.04405 305.904 
-0.227372 0.0440583 305.904 
-0.227369 0.0440667 305.904 
-0.227375 0.04405 305.904 
-0.227367 0.04405 305.904 
-0.227369 0.0440611 305.904 
-0.227367 0.0440639 305.904 
-0.227369 0.0440583 305.904 
-0.227375 0.0440528 305.904 
-0.227372 0.0440694 305.904 
-0.227386 0.0440778 305.904 
-0.227369 0.0440722 305.904 
-0.227369 0.0440472 305.904 
-0.227375 0.0440583 305.904 
-0.227381 0.0440667 305.904 
-0.227372 0.0440556 305.904 
-0.227375 0.0440389 305.904 
-0.227369 0.0440611 305.904 
-0.227378 0.0440667 305.904 
-0.227375 0.0440556 305.904 
-0.227372 0.0440472 305.904 
-0.227372 0.0440472 305.904 
-0.227381 0.0440639 305.904 
-0.227381 0.0440611 305.904 
-0.227375 0.0440472 305.904 
-0.227381 0.0440361 305.904 
-0.227372 0.0440667 305.904 
-0.227381 0.0440583 305.904 
-0.227372 0.0440444 305.904 
-0.227381 0.0440361 305.904 
-0.227383 0.0440556 305.904 
-0.227381 0.0440556 305.904 
-0.227375 0.0440417 305.904 
-0.227381 0.0440361 305.904 
-0.227381 0.0440667 305.904 
-0.227381 0.0440722 305.904 
-0.227369 0.0440472 305.904 
-0.227369 0.04405 305.904 
-0.227375 0.0440639 305.904 
-0.227372 0.0440639 305.904 
-0.227378 0.0440528 305.904 
-0.227372 0.0440611 305.904 
-0.227364 0.04405 305.904 
-0.227356 0.0440417 305.904 
-0.227369 0.0440389 305.904 
-0.227367 0.0440444 305.904 
-0.227378 0.0440417 305.904 
-0.227375 0.04405 305.904 
-0.227372 0.0440444 305.904 
-0.227358 0.0440278 305.904 
-0.227361 0.0440417 305.904 
-0.227361 0.04405 305.904 
-0.227378 0.0440417 305.904 
-0.227372 0.0440222 305.904 
-0.227369 0.0440444 305.904 
-0.227372 0.0440389 305.904 
-0.227378 0.0440361 305.904 
-0.227381 0.0440333 305.904 
-0.227378 0.04405 305.904 
-0.227372 0.0440333 305.904 
-0.227361 0.0440333 305.904 
-0.227367 0.0440306 305.904 
-0.227364 0.0440333 305.904 
-0.227381 0.0440306 305.904 
-0.227375 0.0440444 305.904 
-0.227364 0.044025 305.904 
-0.227364 0.0440194 305.904 
-0.227372 0.0440417 305.904 
-0.227386 0.0440417 305.904 
-0.227383 0.0440194 305.904 
-0.227386 0.0440194 305.904 
-0.227381 0.0440417 305.904 
-0.227378 0.0440361 305.904 
-0.227378 0.0440278 305.904 
-0.227389 0.0440222 305.904 
-0.227378 0.0440389 305.904 
-0.227375 0.0440278 305.904 
-0.227375 0.0440139 305.904 
-0.227383 0.0440222 305.904 
-0.227375 0.0440361 305.904 
-0.227381 0.0440361 305.904 
-0.227372 0.044025 305.904 
-0.227372 0.0440278 305.904 
-0.227372 0.0440306 305.904 
-0.227372 0.0440417 305.904 
-0.227378 0.044025 305.904 
-0.227381 0.0440306 305.904 
-0.227386 0.0440306 305.904 
-0.227378 0.0440472 305.904 
-0.227375 0.0440194 305.904 
-0.227372 0.044025 305.904 
-0.227397 0.0440333 305.904 
-0.227383 0.0440361 305.904 
-0.227378 0.0440139 305.904 
-0.227381 0.0440194 305.904 
-0.227383 0.0440361 305.904 
-0.227389 0.0440361 305.904 
-0.227389 0.044025 305.904 
-0.227392 0.044025 305.904 
-0.227389 0.0440417 305.904 
-0.227397 0.0440278 305.904 
-0.227389 0.044025 305.904 
-0.227383 0.0440278 305.904 
-0.227392 0.0440389 305.904 
-0.227389 0.0440222 305.904 
-0.227381 0.0440222 305.904 
-0.227381 0.0440167 305.904 
-0.227378 0.0440278 305.904 
-0.227386 0.0440222 305.904 
-0.227378 0.0440194 305.904 
-0.227383 0.0440167 305.904 
-0.227381 0.0440278 305.904 
-0.227389 0.0440222 305.904 
-0.227383 0.0440139 305.904 
-0.227381 0.0440278 305.904 
-0.227381 0.0440194 305.904 
-0.227378 0.0440194 305.904 
-0.227386 0.0440194 305.904 
-0.227375 0.0440222 305.904 
-0.227383 0.0440083 305.904 
-0.227381 0.044025 305.904 
-0.227386 0.0440194 305.904 
-0.227381 0.0440111 305.904 
-0.227389 0.0440056 305.904 
-0.227378 0.0440222 305.904 
-0.227383 0.044025 305.904 
-0.227389 0.0440083 305.904 
-0.227386 0.0440139 305.904 
-0.227381 0.0440278 305.904 
-0.227394 0.0440333 305.904 
-0.227397 0.0440028 305.904 
-0.227389 0.0440167 305.904 
