-0.227761 0.0432444 305.906 
-0.227767 0.0432417 305.906 
-0.227764 0.0432444 305.906 
-0.227769 0.0432528 305.906 
-0.227764 0.0432417 305.906 
-0.227767 0.0432306 305.906 
-0.227761 0.0432361 305.906 
-0.227772 0.04325 305.906 
-0.227761 0.0432389 305.906 
-0.227767 0.0432278 305.906 
-0.227761 0.0432306 305.906 
-0.227764 0.0432444 305.906 
-0.227769 0.0432444 305.906 
-0.227778 0.0432306 305.906 
-0.227767 0.0432194 305.906 
-0.227767 0.0432333 305.906 
-0.227761 0.0432306 305.906 
-0.227769 0.043225 305.906 
-0.227767 0.0432194 305.906 
-0.227769 0.0432333 305.906 
-0.227758 0.043225 305.906 
-0.227761 0.043225 305.906 
-0.227758 0.0432194 305.906 
-0.227764 0.0432361 305.906 
-0.227767 0.0432361 305.906 
-0.227761 0.0432306 305.906 
-0.227758 0.0432139 305.906 
-0.227761 0.0432333 305.906 
-0.227767 0.0432333 305.906 
-0.227769 0.043225 305.906 
-0.227772 0.0432194 305.906 
-0.227767 0.0432306 305.906 
-0.227758 0.0432333 305.906 
-0.227761 0.0432222 305.906 
-0.227756 0.0432139 305.906 
-0.227772 0.0432361 305.906 
-0.227764 0.0432389 305.906 
-0.227758 0.0432139 305.906 
-0.227756 0.0432167 305.906 
-0.227769 0.0432389 305.906 
-0.227767 0.0432306 305.906 
-0.227772 0.0432194 305.906 
-0.227769 0.0432194 305.906 
-0.227767 0.0432278 305.906 
-0.227775 0.0432222 305.906 
-0.227775 0.0432083 305.906 
-0.227769 0.0432083 305.906 
-0.227783 0.0432278 305.906 
-0.227783 0.043225 305.906 
-0.227769 0.0432 305.906 
-0.227772 0.0432028 305.906 
-0.227778 0.043225 305.906 
-0.227783 0.043225 305.906 
-0.227781 0.0432028 305.906 
-0.227769 0.0432 305.906 
-0.227781 0.043225 305.906 
-0.227781 0.0432222 305.906 
-0.227781 0.0432083 305.906 
-0.227775 0.0432056 305.906 
-0.227783 0.0432278 305.906 
-0.227778 0.0432278 305.906 
-0.227772 0.0432139 305.906 
-0.227775 0.0432139 305.906 
-0.227769 0.043225 305.906 
-0.227769 0.0432194 305.906 
-0.227772 0.0432194 305.906 
-0.227778 0.0432167 305.906 
-0.227781 0.043225 305.906 
-0.227778 0.0432278 305.906 
-0.227772 0.0432139 305.906 
-0.227778 0.0432139 305.906 
-0.227789 0.0432306 305.906 
-0.227781 0.0432333 305.906 
-0.227778 0.0432111 305.906 
-0.227769 0.0432028 305.906 
-0.227783 0.0432194 305.906 
-0.227778 0.0432167 305.906 
-0.227792 0.0432028 305.906 
-0.227783 0.0432056 305.906 
-0.227781 0.0432167 305.906 
-0.227783 0.0432083 305.906 
-0.227778 0.0431972 305.906 
-0.227786 0.0432 305.906 
-0.227797 0.0432139 305.906 
-0.227797 0.0432111 305.906 
-0.227789 0.0431972 305.906 
-0.227781 0.0431889 305.906 
-0.227792 0.0432056 305.906 
-0.227794 0.0432028 305.906 
-0.227792 0.0431944 305.906 
-0.227789 0.0431917 305.906 
-0.227786 0.0432028 305.906 
-0.227786 0.0431944 305.906 
-0.227789 0.0431944 305.906 
-0.227792 0.0431889 305.906 
-0.227794 0.0432 305.906 
-0.227789 0.0432 305.906 
-0.227789 0.0431944 305.906 
-0.227786 0.0431889 305.906 
-0.227792 0.0431972 305.906 
-0.227794 0.0432028 305.906 
-0.227797 0.0432 305.906 
-0.227789 0.0431861 305.906 
-0.227786 0.0431861 305.906 
-0.227783 0.0431944 305.906 
-0.227792 0.0431833 305.906 
-0.227794 0.0431722 305.906 
-0.227792 0.043175 305.906 
-0.227786 0.0431861 305.906 
-0.227783 0.0431778 305.906 
-0.227786 0.0431694 305.906 
-0.227792 0.0431694 305.906 
-0.227789 0.0431833 305.906 
-0.227792 0.0431861 305.906 
-0.227789 0.0431722 305.906 
-0.227781 0.0431694 305.906 
-0.227792 0.0431833 305.906 
-0.227794 0.0431889 305.906 
-0.227786 0.0431667 305.906 
-0.227789 0.0431639 305.906 
-0.227789 0.0431806 305.906 
-0.227786 0.0431806 305.906 
-0.227789 0.0431611 305.906 
-0.227786 0.0431639 305.906 
-0.227789 0.0431806 305.906 
-0.227794 0.0431833 305.906 
-0.227789 0.0431667 305.906 
-0.227792 0.0431694 305.906 
-0.227806 0.0431833 305.906 
-0.227803 0.0431833 305.906 
-0.227792 0.0431722 305.906 
-0.227803 0.043175 305.906 
-0.227803 0.043175 305.906 
-0.2278 0.0431806 305.906 
-0.227806 0.043175 305.906 
-0.227803 0.0431611 305.906 
-0.2278 0.0431639 305.906 
-0.227803 0.0431694 305.906 
-0.227792 0.04315 305.906 
-0.2278 0.0431583 305.906 
-0.227806 0.0431639 305.906 
-0.227803 0.0431611 305.906 
-0.227797 0.04315 305.906 
-0.227806 0.0431611 305.906 
-0.2278 0.0431667 305.906 
-0.227808 0.0431667 305.906 
-0.227806 0.0431528 305.906 
-0.227806 0.0431639 305.906 
-0.227808 0.0431667 305.906 
-0.227814 0.0431611 305.906 
-0.227808 0.0431583 305.906 
-0.227811 0.0431639 305.906 
-0.227817 0.0431611 305.906 
-0.227808 0.0431694 305.906 
-0.227806 0.0431583 305.906 
-0.227817 0.0431583 305.906 
-0.227808 0.0431694 305.906 
-0.227819 0.043175 305.906 
-0.227811 0.0431528 305.906 
-0.227811 0.0431639 305.906 
-0.227814 0.043175 305.906 
-0.227819 0.0431667 305.906 
-0.227814 0.0431556 305.906 
-0.227814 0.0431694 305.906 
-0.227808 0.043175 305.906 
-0.227811 0.0431667 305.906 
-0.227806 0.0431583 305.906 
-0.227808 0.0431611 305.906 
-0.227817 0.0431667 305.906 
-0.227814 0.0431667 305.906 
-0.227814 0.0431611 305.906 
-0.227817 0.0431611 305.906 
-0.227817 0.0431694 305.906 
-0.227822 0.0431667 305.906 
-0.227825 0.0431639 305.906 
-0.227822 0.0431611 305.906 
-0.227819 0.0431667 305.906 
-0.227828 0.0431694 305.906 
-0.227819 0.0431583 305.906 
-0.227819 0.0431528 305.906 
-0.227822 0.0431667 305.906 
-0.227825 0.0431694 305.906 
-0.227819 0.04315 305.906 
-0.227828 0.0431583 305.906 
-0.227828 0.0431722 305.906 
-0.227828 0.0431667 305.906 
-0.227833 0.0431556 305.906 
-0.227831 0.0431611 305.906 
-0.227833 0.0431694 305.906 
-0.227839 0.0431694 305.906 
-0.227833 0.0431583 305.906 
-0.227831 0.0431639 305.906 
-0.227836 0.0431667 305.906 
-0.227833 0.0431639 305.906 
-0.227839 0.0431611 305.906 
-0.227836 0.0431611 305.906 
-0.227831 0.0431639 305.906 
-0.227828 0.0431556 305.906 
-0.227831 0.04315 305.906 
-0.227831 0.0431472 305.906 
-0.227831 0.0431611 305.906 
-0.227828 0.0431611 305.906 
-0.227828 0.04315 305.906 
-0.227836 0.0431583 305.906 
-0.227836 0.0431722 305.906 
-0.227833 0.0431556 305.906 
-0.227842 0.0431528 305.906 
-0.227836 0.0431583 305.906 
-0.227833 0.0431639 305.906 
-0.227836 0.0431583 305.906 
-0.227836 0.0431528 305.906 
-0.227844 0.0431583 305.906 
-0.227842 0.0431667 305.906 
-0.227833 0.0431556 305.906 
-0.227833 0.0431444 305.906 
-0.227844 0.0431583 305.906 
-0.22785 0.0431611 305.906 
-0.227844 0.0431583 305.906 
-0.22785 0.0431472 305.906 
-0.227844 0.0431556 305.906 
-0.227844 0.0431583 305.906 
-0.227847 0.0431556 305.906 
-0.227853 0.0431472 305.906 
-0.227853 0.0431583 305.906 
-0.227853 0.0431611 305.906 
-0.227842 0.0431444 305.906 
-0.227836 0.0431306 305.906 
-0.22785 0.0431444 305.906 
-0.227856 0.0431472 305.906 
-0.227847 0.0431333 305.906 
-0.22785 0.0431361 305.906 
-0.227842 0.0431361 305.906 
-0.227847 0.0431444 305.906 
-0.227856 0.0431472 305.906 
-0.227853 0.0431389 305.906 
-0.227844 0.0431306 305.906 
-0.227853 0.04315 305.906 
-0.227839 0.0431417 305.906 
-0.227847 0.0431278 305.906 
-0.227858 0.0431389 305.906 
-0.227858 0.0431556 305.906 
-0.227842 0.0431389 305.906 
-0.227842 0.043125 305.906 
-0.227847 0.0431306 305.906 
-0.227853 0.0431472 305.906 
-0.227856 0.0431333 305.906 
-0.22785 0.0431278 305.906 
-0.227853 0.0431389 305.906 
-0.227847 0.0431389 305.906 
-0.227844 0.0431278 305.906 
-0.227856 0.0431417 305.906 
-0.227861 0.0431444 305.906 
-0.22785 0.0431222 305.906 
-0.227853 0.0431306 305.906 
-0.227853 0.0431361 305.906 
-0.227856 0.0431333 305.906 
-0.227858 0.043125 305.906 
-0.227861 0.0431333 305.906 
-0.22785 0.0431167 305.906 
-0.227861 0.043125 305.906 
-0.227844 0.043125 305.906 
-0.227853 0.0431306 305.906 
-0.227875 0.0431167 305.906 
-0.227858 0.0431306 305.906 
-0.227844 0.0431278 305.906 
-0.227856 0.0431194 305.906 
-0.227864 0.0431083 305.906 
-0.227858 0.0431333 305.906 
-0.227861 0.043125 305.906 
-0.22785 0.0431194 305.906 
-0.227853 0.0431222 305.906 
-0.227847 0.0431278 305.906 
-0.227856 0.0431278 305.906 
-0.227853 0.0431222 305.906 
-0.227856 0.0431194 305.906 
-0.22785 0.0431167 305.906 
-0.227847 0.0431306 305.906 
-0.227856 0.043125 305.906 
-0.227853 0.0431194 305.906 
-0.22785 0.0431167 305.906 
-0.227853 0.0431333 305.906 
-0.227847 0.0431167 305.906 
-0.227836 0.0431139 305.906 
-0.227853 0.0431167 305.906 
-0.227853 0.0431194 305.906 
-0.22785 0.0431083 305.906 
-0.22785 0.0431194 305.906 
-0.227842 0.0431083 305.906 
-0.227844 0.0431056 305.906 
-0.22785 0.0431139 305.906 
-0.22785 0.0431167 305.906 
-0.22785 0.0431083 305.906 
