-0.226631 0.0459306 305.899 
-0.226647 0.0459028 305.899 
-0.226628 0.0458944 305.899 
-0.226644 0.0459083 305.899 
-0.226636 0.0459333 305.899 
-0.226642 0.0459 305.899 
-0.226631 0.0458806 305.899 
-0.226647 0.0459167 305.899 
-0.226642 0.0459083 305.899 
-0.226642 0.0459028 305.899 
-0.226625 0.0458778 305.899 
-0.226631 0.0459194 305.899 
-0.226658 0.0459111 305.899 
-0.226642 0.0459028 305.899 
-0.226636 0.0458778 305.899 
-0.226631 0.045925 305.899 
-0.226636 0.0459167 305.899 
-0.22665 0.0459139 305.899 
-0.226653 0.0458861 305.899 
-0.226644 0.0459111 305.899 
-0.226636 0.0459222 305.899 
-0.226647 0.0459111 305.899 
-0.226644 0.0458778 305.899 
-0.226639 0.0459111 305.899 
-0.226642 0.0459222 305.899 
-0.226653 0.0458889 305.899 
-0.226647 0.0458889 305.899 
-0.226636 0.0459028 305.899 
-0.226631 0.0459222 305.899 
-0.226656 0.0458944 305.899 
-0.226644 0.0458861 305.899 
-0.226653 0.0459028 305.899 
-0.226625 0.0459111 305.899 
-0.226642 0.0458972 305.899 
-0.226633 0.0458778 305.899 
-0.226656 0.0458917 305.899 
-0.226653 0.0459056 305.899 
-0.226633 0.0458917 305.899 
-0.226619 0.0458639 305.899 
-0.226639 0.0459028 305.899 
-0.226636 0.0458972 305.899 
-0.226644 0.0458917 305.899 
-0.226644 0.0458722 305.899 
-0.226636 0.0458917 305.899 
-0.226639 0.0458889 305.899 
-0.226628 0.0458944 305.899 
-0.226636 0.0458722 305.899 
-0.226658 0.0458917 305.899 
-0.226661 0.0458972 305.899 
-0.226639 0.0458889 305.899 
-0.226631 0.0458833 305.899 
-0.226642 0.0458806 305.899 
-0.226656 0.0458917 305.899 
-0.226647 0.0458917 305.899 
-0.226633 0.0458917 305.899 
-0.226631 0.0458722 305.899 
-0.226631 0.0458972 305.899 
-0.226639 0.0458944 305.899 
-0.226636 0.0458917 305.899 
-0.226647 0.0458722 305.899 
-0.226642 0.0458944 305.899 
-0.226639 0.0458889 305.899 
-0.226622 0.0458861 305.899 
-0.226642 0.0458694 305.899 
-0.226642 0.0458833 305.899 
-0.22665 0.0458889 305.899 
-0.226631 0.0458778 305.899 
-0.226622 0.0458722 305.899 
-0.226636 0.045875 305.899 
-0.226642 0.0458833 305.899 
-0.226642 0.0458694 305.899 
-0.226625 0.045875 305.899 
-0.226636 0.045875 305.899 
-0.226631 0.0458806 305.899 
-0.22665 0.0458722 305.899 
-0.226636 0.0458833 305.899 
-0.22665 0.0458806 305.899 
-0.226639 0.0458806 305.899 
-0.226644 0.0458806 305.899 
-0.226633 0.0458806 305.899 
-0.22665 0.0458806 305.899 
-0.226647 0.045875 305.899 
-0.226653 0.0458861 305.899 
-0.226633 0.0458694 305.899 
-0.226625 0.045875 305.899 
-0.226644 0.0458722 305.899 
-0.226644 0.0458833 305.899 
-0.22665 0.0458639 305.899 
-0.226625 0.0458806 305.899 
-0.226647 0.0458694 305.899 
-0.226642 0.0458694 305.899 
-0.226644 0.0458583 305.899 
-0.226644 0.0458722 305.899 
-0.22665 0.0458694 305.899 
-0.226639 0.0458611 305.899 
-0.226644 0.0458694 305.899 
-0.226636 0.0458667 305.899 
-0.226642 0.0458778 305.899 
-0.226656 0.0458583 305.899 
-0.226647 0.0458722 305.899 
-0.226633 0.0458528 305.899 
-0.226636 0.0458778 305.899 
-0.226647 0.0458556 305.899 
-0.22665 0.045875 305.899 
-0.226644 0.0458556 305.899 
-0.226639 0.0458889 305.899 
-0.226639 0.0458639 305.899 
-0.226644 0.0458722 305.899 
-0.22665 0.0458667 305.899 
-0.226644 0.0458833 305.899 
-0.226644 0.0458639 305.899 
-0.226639 0.0458667 305.899 
-0.226639 0.045875 305.899 
-0.226636 0.0458722 305.899 
-0.226633 0.0458667 305.899 
-0.226653 0.0458667 305.899 
-0.226639 0.0458806 305.899 
-0.226644 0.045875 305.899 
-0.226628 0.0458806 305.899 
-0.226661 0.045875 305.899 
-0.22665 0.0458778 305.899 
-0.22665 0.0458694 305.899 
-0.226633 0.0458694 305.899 
-0.226656 0.0458806 305.899 
-0.226647 0.0458722 305.899 
-0.226656 0.045875 305.899 
-0.226639 0.0458722 305.899 
-0.226644 0.0458833 305.899 
-0.226642 0.0458639 305.899 
-0.226644 0.0458861 305.899 
-0.226639 0.0458694 305.899 
-0.226644 0.045875 305.899 
-0.226656 0.0458667 305.899 
-0.226647 0.0458861 305.899 
-0.226642 0.0458639 305.899 
-0.226636 0.0458806 305.899 
-0.226653 0.0458694 305.899 
-0.226653 0.0458722 305.899 
-0.226642 0.0458639 305.899 
-0.226636 0.0458778 305.899 
-0.226639 0.0458694 305.899 
-0.22665 0.0458778 305.899 
-0.226647 0.0458694 305.899 
-0.226639 0.0458611 305.899 
-0.226636 0.0458806 305.899 
-0.226642 0.0458667 305.899 
-0.226639 0.0458722 305.899 
-0.226639 0.0458667 305.899 
-0.226639 0.0458778 305.899 
-0.226644 0.0458583 305.899 
-0.226636 0.0458778 305.899 
-0.226636 0.0458611 305.899 
-0.226625 0.0458611 305.899 
-0.226644 0.0458583 305.899 
-0.226636 0.0458722 305.899 
-0.226631 0.0458556 305.899 
-0.226619 0.0458583 305.899 
-0.226628 0.0458611 305.899 
-0.226633 0.0458611 305.899 
-0.226633 0.0458639 305.899 
-0.226639 0.0458583 305.899 
-0.226622 0.0458556 305.899 
-0.226636 0.0458611 305.899 
-0.226625 0.0458639 305.899 
-0.226642 0.0458639 305.899 
-0.226628 0.0458583 305.899 
-0.22665 0.0458528 305.899 
-0.226625 0.0458722 305.899 
-0.226631 0.045875 305.899 
-0.226622 0.0458389 305.899 
-0.226647 0.0458583 305.899 
-0.226642 0.0458639 305.899 
-0.226636 0.0458694 305.899 
-0.226631 0.0458472 305.899 
-0.226633 0.0458611 305.899 
-0.22665 0.04585 305.899 
-0.226647 0.0458694 305.899 
-0.226642 0.0458444 305.899 
-0.226639 0.0458583 305.899 
-0.22665 0.0458583 305.899 
-0.226644 0.0458667 305.899 
-0.226647 0.0458417 305.899 
-0.226647 0.0458472 305.899 
-0.226656 0.04585 305.899 
-0.226642 0.0458472 305.899 
-0.226639 0.04585 305.899 
-0.226636 0.0458417 305.899 
-0.226656 0.04585 305.899 
-0.226656 0.0458444 305.899 
-0.226639 0.0458556 305.899 
-0.226631 0.0458333 305.899 
-0.226636 0.04585 305.899 
-0.226656 0.0458417 305.899 
-0.22665 0.0458611 305.899 
-0.226647 0.0458417 305.899 
-0.226639 0.0458528 305.899 
-0.226636 0.0458389 305.899 
-0.226633 0.0458611 305.899 
-0.226642 0.0458444 305.899 
-0.226644 0.0458417 305.899 
-0.226644 0.0458444 305.899 
-0.226633 0.0458528 305.899 
-0.226622 0.0458417 305.899 
-0.226631 0.0458389 305.899 
-0.22665 0.0458444 305.899 
-0.22665 0.0458444 305.899 
-0.226633 0.0458556 305.899 
-0.226631 0.0458444 305.899 
-0.226633 0.0458472 305.899 
-0.226656 0.0458444 305.899 
-0.226636 0.0458556 305.899 
-0.226647 0.0458472 305.899 
-0.226628 0.0458389 305.899 
-0.226639 0.0458333 305.899 
-0.226614 0.0458389 305.899 
-0.226644 0.0458472 305.899 
-0.226647 0.0458361 305.899 
-0.22665 0.0458333 305.899 
-0.226631 0.0458278 305.899 
-0.226628 0.0458417 305.899 
-0.226639 0.0458278 305.899 
-0.226656 0.0458361 305.899 
-0.226647 0.0458222 305.899 
-0.226631 0.0458389 305.899 
-0.226625 0.0458194 305.899 
-0.226636 0.0458417 305.899 
-0.226644 0.0458222 305.899 
-0.226642 0.0458361 305.899 
-0.226647 0.0458278 305.899 
-0.226642 0.0458417 305.899 
-0.226636 0.045825 305.899 
-0.226631 0.0458306 305.899 
-0.226642 0.0458333 305.899 
-0.226647 0.0458333 305.899 
-0.226644 0.0458361 305.899 
-0.226628 0.0458306 305.899 
-0.226631 0.0458333 305.899 
-0.226647 0.0458278 305.899 
-0.22665 0.04585 305.899 
-0.22665 0.0458278 305.899 
-0.226628 0.0458306 305.899 
-0.226639 0.0458361 305.899 
-0.226633 0.0458333 305.899 
-0.226653 0.0458139 305.899 
-0.226642 0.0458167 305.899 
-0.226644 0.0458167 305.899 
-0.226633 0.0458278 305.899 
-0.226639 0.0458194 305.899 
-0.226636 0.0458111 305.899 
-0.226639 0.0458167 305.899 
-0.22665 0.0458222 305.899 
-0.226639 0.0458278 305.899 
-0.226639 0.0458083 305.899 
-0.226619 0.0458167 305.899 
-0.226647 0.0458194 305.899 
-0.226644 0.0458222 305.899 
-0.226653 0.0458167 305.899 
-0.226622 0.0458194 305.899 
-0.226633 0.0458194 305.899 
-0.226639 0.0458083 305.899 
-0.226656 0.0458139 305.899 
-0.226642 0.0458083 305.899 
-0.22665 0.0458222 305.899 
-0.226644 0.0458083 305.899 
-0.226639 0.0458194 305.899 
-0.226633 0.0458028 305.899 
-0.226639 0.0458222 305.899 
-0.226653 0.0458056 305.899 
-0.226653 0.0458167 305.899 
-0.226644 0.0458028 305.899 
-0.226628 0.0458194 305.899 
-0.22665 0.0458028 305.899 
-0.22665 0.0458083 305.899 
-0.226644 0.0457972 305.899 
-0.226636 0.0458111 305.899 
-0.226633 0.0458056 305.899 
-0.226636 0.0457861 305.899 
-0.226639 0.0457889 305.899 
-0.226642 0.0458056 305.899 
-0.226639 0.0458139 305.899 
-0.226642 0.0457861 305.899 
-0.226628 0.0457944 305.899 
-0.226639 0.0457944 305.899 
-0.226642 0.0458056 305.899 
-0.226639 0.0457806 305.899 
-0.226639 0.0457972 305.899 
-0.226636 0.0457861 305.899 
-0.226628 0.0457917 305.899 
-0.226639 0.0457667 305.899 
-0.22665 0.0457806 305.899 
-0.226628 0.0457778 305.899 
-0.226631 0.0457889 305.899 
-0.226628 0.0457667 305.899 
-0.226628 0.0457667 305.899 
-0.226633 0.0457806 305.899 
-0.226631 0.0457889 305.899 
-0.226625 0.045775 305.899 
-0.226636 0.045775 305.899 
-0.226622 0.0457861 305.899 
-0.226625 0.0457917 305.899 
-0.226628 0.045775 305.899 
-0.226644 0.0457694 305.899 
-0.226639 0.0457833 305.899 
-0.226631 0.0457861 305.899 
-0.226628 0.0457667 305.899 
-0.226642 0.0457556 305.899 
-0.226644 0.0457694 305.899 
-0.226644 0.0457806 305.899 
-0.226628 0.0457694 305.899 
-0.226636 0.0457583 305.899 
-0.226644 0.0457611 305.899 
-0.22665 0.0457833 305.899 
-0.226633 0.0457722 305.899 
-0.226636 0.0457583 305.899 
-0.226628 0.0457583 305.899 
-0.226647 0.0457833 305.899 
-0.226631 0.0457639 305.899 
-0.226631 0.04575 305.899 
-0.226636 0.0457556 305.899 
-0.226642 0.0457778 305.899 
-0.226622 0.0457583 305.899 
-0.226628 0.04575 305.899 
-0.226633 0.0457528 305.899 
-0.226639 0.0457694 305.899 
-0.226631 0.0457583 305.899 
-0.226625 0.0457556 305.899 
-0.226628 0.04575 305.899 
-0.226644 0.0457694 305.899 
-0.226636 0.0457583 305.899 
-0.226628 0.0457556 305.899 
-0.226631 0.0457528 305.899 
-0.226633 0.0457667 305.899 
-0.226628 0.0457611 305.899 
-0.226625 0.0457556 305.899 
-0.226628 0.0457472 305.899 
-0.226639 0.0457611 305.899 
-0.226633 0.0457611 305.899 
-0.226619 0.0457472 305.899 
-0.226625 0.0457472 305.899 
-0.226639 0.04575 305.899 
-0.226633 0.0457583 305.899 
-0.226628 0.04575 305.899 
-0.226622 0.04575 305.899 
-0.226633 0.04575 305.899 
-0.226647 0.0457611 305.899 
-0.226642 0.0457528 305.899 
-0.226633 0.04575 305.899 
-0.226636 0.0457556 305.899 
-0.226642 0.0457639 305.899 
-0.226633 0.04575 305.899 
-0.226642 0.04575 305.899 
-0.226639 0.0457583 305.899 
-0.226647 0.0457667 305.899 
-0.226631 0.04575 305.899 
-0.226628 0.04575 305.899 
-0.226633 0.0457556 305.899 
-0.226653 0.0457694 305.899 
-0.226644 0.0457556 305.899 
-0.226631 0.0457528 305.899 
-0.226625 0.0457556 305.899 
-0.226639 0.0457667 305.899 
-0.22665 0.0457528 305.899 
-0.226639 0.04575 305.899 
-0.226628 0.0457528 305.899 
-0.226622 0.0457611 305.899 
-0.226628 0.0457472 305.899 
-0.226631 0.0457444 305.899 
-0.226631 0.0457472 305.899 
-0.226644 0.0457556 305.899 
-0.226642 0.0457472 305.899 
-0.226633 0.0457389 305.899 
-0.226628 0.0457444 305.899 
-0.226639 0.04575 305.899 
-0.226647 0.04575 305.899 
-0.226642 0.0457389 305.899 
-0.226631 0.0457389 305.899 
-0.226631 0.0457389 305.899 
-0.226639 0.0457389 305.899 
-0.226644 0.0457361 305.899 
-0.226639 0.0457417 305.899 
-0.226628 0.0457389 305.899 
-0.226622 0.0457333 305.899 
-0.226625 0.045725 305.899 
-0.226639 0.0457417 305.899 
-0.226644 0.0457444 305.899 
-0.226642 0.0457333 305.899 
-0.226639 0.0457194 305.899 
-0.226625 0.0457333 305.899 
-0.226639 0.04575 305.899 
-0.22665 0.0457333 305.899 
-0.22665 0.0457167 305.899 
-0.226656 0.0457417 305.899 
-0.226636 0.0457444 305.899 
-0.226642 0.0457222 305.899 
-0.226644 0.0457194 305.899 
-0.226672 0.0457417 305.899 
-0.22665 0.0457389 305.899 
-0.226639 0.0457222 305.899 
-0.226633 0.0457111 305.899 
-0.22665 0.0457361 305.899 
-0.226653 0.0457444 305.899 
-0.22665 0.0457306 305.899 
-0.226647 0.0457083 305.899 
-0.226656 0.0457333 305.899 
-0.226644 0.0457417 305.899 
-0.22665 0.0457306 305.899 
-0.226656 0.0457056 305.899 
-0.226664 0.0457222 305.899 
-0.226647 0.0457361 305.899 
-0.226644 0.0457389 305.899 
-0.226636 0.0456972 305.899 
-0.226658 0.0457139 305.899 
-0.226664 0.0457361 305.899 
-0.226658 0.0457361 305.899 
-0.226639 0.0457 305.899 
-0.226658 0.0457167 305.899 
-0.226661 0.0457306 305.899 
-0.226658 0.0457306 305.899 
-0.22665 0.0457111 305.899 
-0.226653 0.0457194 305.899 
-0.226656 0.0457222 305.899 
-0.226653 0.045725 305.899 
-0.22665 0.0457167 305.899 
-0.226664 0.0457194 305.899 
-0.226664 0.0457167 305.899 
-0.226656 0.0457139 305.899 
-0.226644 0.0457194 305.899 
-0.226656 0.0457167 305.899 
-0.226669 0.0457167 305.899 
-0.226672 0.0457167 305.899 
-0.226656 0.0457167 305.899 
-0.226644 0.0457056 305.899 
-0.226664 0.0457194 305.899 
-0.226669 0.0457083 305.899 
-0.226664 0.0457111 305.899 
-0.226658 0.0457 305.899 
-0.226667 0.0457028 305.899 
-0.226667 0.0456972 305.899 
-0.226667 0.0457111 305.899 
-0.226664 0.0456917 305.899 
-0.226672 0.0457 305.899 
-0.226669 0.0457056 305.899 
-0.226661 0.0457028 305.899 
-0.226647 0.0456917 305.899 
-0.226669 0.0457139 305.899 
-0.226678 0.0457083 305.899 
-0.226675 0.0457056 305.899 
-0.226653 0.0456861 305.899 
-0.226664 0.0457 305.899 
-0.226678 0.0457056 305.899 
-0.226681 0.0457056 305.899 
-0.226661 0.0456778 305.899 
-0.226667 0.0456944 305.899 
-0.226669 0.0457083 305.899 
-0.226667 0.0457028 305.899 
-0.226658 0.0456861 305.899 
-0.226672 0.0456917 305.899 
-0.226678 0.0457 305.899 
-0.226678 0.0456944 305.899 
-0.226658 0.0456722 305.899 
-0.226667 0.0456861 305.899 
-0.226672 0.0457056 305.899 
-0.226681 0.0457 305.899 
-0.226675 0.045675 305.899 
-0.226658 0.0456889 305.899 
-0.226658 0.0456972 305.899 
-0.226675 0.0456944 305.899 
-0.226669 0.045675 305.899 
-0.226675 0.0456889 305.899 
-0.226669 0.0456972 305.899 
-0.226661 0.0456972 305.899 
-0.226667 0.0456806 305.899 
-0.226675 0.0456917 305.899 
-0.226675 0.0457056 305.899 
-0.226681 0.0456889 305.899 
-0.226672 0.0456778 305.899 
-0.226669 0.0456889 305.899 
-0.226667 0.0456944 305.899 
-0.226678 0.0456833 305.899 
-0.226686 0.0456833 305.899 
-0.226675 0.045675 305.899 
-0.226661 0.0456806 305.899 
-0.226664 0.0456917 305.899 
-0.226675 0.0456861 305.899 
-0.226681 0.045675 305.899 
-0.226675 0.0456861 305.899 
-0.226661 0.0456778 305.899 
-0.226664 0.0456778 305.899 
-0.226675 0.0456722 305.899 
-0.226678 0.0456722 305.899 
-0.226672 0.0456722 305.899 
-0.226672 0.0456722 305.899 
-0.226675 0.0456583 305.899 
-0.226675 0.0456611 305.899 
-0.226669 0.0456694 305.899 
-0.226669 0.0456667 305.899 
-0.226686 0.0456611 305.899 
-0.226675 0.0456611 305.899 
-0.226664 0.0456667 305.899 
-0.226667 0.0456722 305.899 
-0.226675 0.0456639 305.899 
-0.226678 0.0456556 305.899 
-0.226672 0.0456667 305.899 
-0.226664 0.0456722 305.899 
-0.226661 0.0456639 305.899 
-0.226672 0.0456583 305.899 
-0.226681 0.045675 305.899 
-0.226669 0.0456639 305.899 
-0.226667 0.0456583 305.899 
-0.226667 0.0456639 305.899 
-0.226675 0.0456639 305.899 
-0.226678 0.0456528 305.899 
-0.226667 0.0456639 305.899 
-0.226672 0.0456611 305.899 
-0.226686 0.0456583 305.899 
-0.226678 0.0456556 305.899 
-0.226678 0.0456639 305.899 
-0.226678 0.0456556 305.899 
-0.226686 0.0456528 305.899 
-0.226692 0.0456528 305.899 
-0.226681 0.0456556 305.899 
-0.226678 0.0456639 305.899 
-0.226678 0.0456528 305.899 
-0.226689 0.0456583 305.899 
-0.226689 0.0456556 305.899 
-0.226683 0.0456583 305.899 
-0.226675 0.0456528 305.899 
-0.226672 0.0456528 305.899 
-0.226692 0.0456556 305.899 
-0.226683 0.0456556 305.899 
-0.226683 0.04565 305.899 
-0.226681 0.0456556 305.899 
-0.226683 0.0456472 305.899 
-0.226689 0.0456444 305.899 
-0.226689 0.0456667 305.899 
-0.226694 0.0456556 305.899 
-0.226694 0.0456389 305.899 
-0.226689 0.0456472 305.899 
-0.226689 0.0456639 305.899 
-0.226697 0.0456444 305.899 
-0.226692 0.0456389 305.899 
-0.226697 0.04565 305.899 
-0.226689 0.0456611 305.899 
-0.226683 0.0456417 305.899 
-0.226694 0.0456444 305.899 
-0.226703 0.0456583 305.899 
-0.226692 0.0456611 305.899 
-0.226694 0.0456444 305.899 
-0.226692 0.0456417 305.899 
-0.226692 0.0456472 305.899 
-0.226692 0.0456528 305.899 
-0.226694 0.04565 305.899 
-0.226689 0.0456417 305.899 
-0.226692 0.0456472 305.899 
-0.226681 0.0456472 305.899 
-0.226681 0.0456361 305.899 
-0.226689 0.0456333 305.9 
-0.226694 0.04565 305.899 
-0.226694 0.04565 305.899 
-0.226689 0.0456389 305.9 
-0.226697 0.0456389 305.9 
-0.226697 0.0456528 305.899 
-0.2267 0.0456472 305.899 
-0.226697 0.0456389 305.9 
-0.226703 0.04565 305.899 
-0.226703 0.0456528 305.899 
-0.2267 0.0456389 305.9 
-0.226697 0.0456361 305.9 
-0.226703 0.0456472 305.899 
-0.226703 0.0456444 305.899 
-0.226697 0.0456417 305.9 
-0.226694 0.0456361 305.899 
-0.226703 0.0456417 305.899 
-0.226697 0.0456306 305.9 
-0.226703 0.0456361 305.9 
-0.226706 0.0456417 305.899 
-0.2267 0.0456333 305.9 
-0.226694 0.045625 305.9 
-0.2267 0.0456389 305.899 
-0.226694 0.045625 305.9 
-0.226697 0.0456194 305.9 
-0.226697 0.0456278 305.9 
-0.226694 0.0456333 305.9 
-0.226694 0.0456083 305.9 
-0.226697 0.0456194 305.9 
-0.226694 0.0456278 305.9 
-0.2267 0.0456194 305.9 
-0.2267 0.0456139 305.9 
-0.2267 0.0456333 305.9 
-0.226697 0.045625 305.9 
-0.226694 0.0456111 305.9 
-0.226694 0.0456167 305.9 
-0.226708 0.0456361 305.9 
-0.2267 0.0456222 305.9 
-0.226697 0.0456111 305.9 
-0.226697 0.0456194 305.9 
-0.226697 0.0456222 305.9 
-0.226708 0.0456222 305.9 
-0.2267 0.0456083 305.9 
-0.226694 0.0456083 305.9 
-0.226711 0.0456278 305.9 
-0.226703 0.0456222 305.9 
-0.226703 0.0455944 305.9 
-0.226711 0.0456056 305.9 
-0.226717 0.0456306 305.9 
-0.226714 0.0456139 305.9 
-0.226714 0.0455972 305.9 
-0.226711 0.0456111 305.9 
-0.226711 0.0456194 305.9 
-0.226717 0.0455944 305.9 
-0.226717 0.0455833 305.9 
-0.226722 0.0456167 305.9 
-0.226725 0.0456222 305.9 
-0.226711 0.0455806 305.9 
-0.226711 0.0455861 305.9 
-0.226717 0.0456111 305.9 
-0.226719 0.0456 305.9 
-0.226722 0.0455806 305.9 
-0.226717 0.0455917 305.9 
-0.226714 0.0456028 305.9 
-0.226719 0.0456 305.9 
-0.226722 0.0455833 305.9 
-0.226728 0.0455889 305.9 
-0.226722 0.0456083 305.9 
-0.226722 0.0456139 305.9 
-0.226717 0.0455806 305.9 
-0.226719 0.0455778 305.9 
-0.226722 0.0456028 305.9 
-0.226725 0.0456056 305.9 
-0.226725 0.0455806 305.9 
-0.226725 0.045575 305.9 
-0.226719 0.0455917 305.9 
-0.226728 0.0456028 305.9 
-0.226728 0.0455833 305.9 
-0.226731 0.0455833 305.9 
-0.226725 0.0456 305.9 
-0.226733 0.0456083 305.9 
-0.226722 0.0455889 305.9 
-0.226725 0.0455833 305.9 
-0.226733 0.0455917 305.9 
-0.226733 0.0456056 305.9 
-0.226736 0.0455889 305.9 
-0.226725 0.045575 305.9 
-0.226728 0.0455833 305.9 
-0.226739 0.0456083 305.9 
-0.226736 0.0455861 305.9 
-0.226733 0.0455778 305.9 
-0.226731 0.0455972 305.9 
-0.226728 0.0456 305.9 
-0.226728 0.0455861 305.9 
-0.226733 0.0455944 305.9 
-0.226733 0.0456028 305.9 
-0.226736 0.0456 305.9 
-0.226733 0.0456 305.9 
-0.226728 0.0455917 305.9 
-0.226728 0.0455944 305.9 
-0.226733 0.0456139 305.9 
-0.226736 0.0456083 305.9 
-0.226731 0.0455861 305.9 
-0.226733 0.0456028 305.9 
-0.226736 0.0456194 305.9 
-0.226728 0.0456028 305.9 
-0.226733 0.0455889 305.9 
-0.226736 0.0456056 305.9 
-0.226736 0.0456194 305.9 
-0.226728 0.0456028 305.9 
-0.226736 0.0456028 305.9 
-0.226742 0.0456139 305.9 
-0.226744 0.0456222 305.9 
-0.226731 0.0456 305.9 
-0.226733 0.0456056 305.9 
-0.226744 0.0456056 305.9 
-0.226733 0.0456083 305.9 
-0.226744 0.0456111 305.9 
-0.226736 0.0456028 305.9 
-0.226744 0.0455917 305.9 
-0.226739 0.0456083 305.9 
-0.226739 0.0456139 305.9 
-0.226733 0.0456 305.9 
-0.226744 0.0456 305.9 
-0.226744 0.0456194 305.9 
-0.226739 0.0456139 305.9 
-0.226739 0.0456 305.9 
-0.226733 0.0456056 305.9 
-0.226742 0.0456139 305.9 
-0.22675 0.0456194 305.9 
-0.226736 0.0456028 305.9 
-0.226736 0.0456111 305.9 
-0.226739 0.0456111 305.9 
-0.226747 0.0456167 305.9 
-0.226742 0.0456028 305.9 
-0.226744 0.0456167 305.9 
-0.226744 0.0456111 305.9 
-0.226739 0.0456111 305.9 
-0.226742 0.0456028 305.9 
-0.226733 0.0456111 305.9 
-0.226742 0.0456111 305.9 
-0.226744 0.0456111 305.9 
-0.226733 0.0456028 305.9 
-0.226733 0.0456 305.9 
-0.226736 0.0456056 305.9 
-0.226739 0.0455944 305.9 
-0.226733 0.0455972 305.9 
-0.226739 0.0456028 305.9 
-0.226728 0.0456 305.9 
-0.226736 0.0455944 305.9 
-0.226736 0.0456028 305.9 
-0.226728 0.0455944 305.9 
-0.226736 0.0456 305.9 
-0.226733 0.0456028 305.9 
-0.226731 0.0455972 305.9 
-0.226736 0.0455944 305.9 
-0.226736 0.0456056 305.9 
-0.226736 0.0456028 305.9 
-0.226739 0.0455944 305.9 
-0.226739 0.0455944 305.9 
-0.226733 0.0456 305.9 
-0.226736 0.0455972 305.9 
-0.226733 0.0455944 305.9 
-0.226736 0.0456 305.9 
-0.226739 0.0455972 305.9 
-0.226736 0.0455889 305.9 
-0.226739 0.0455917 305.9 
-0.226739 0.0456028 305.9 
-0.226736 0.0455944 305.9 
-0.226742 0.0455944 305.9 
-0.226747 0.0456 305.9 
-0.226744 0.0455944 305.9 
-0.226747 0.0455944 305.9 
-0.226747 0.0455917 305.9 
-0.226744 0.0455806 305.9 
-0.226744 0.0455806 305.9 
-0.226747 0.0455944 305.9 
-0.226736 0.0455778 305.9 
-0.226736 0.045575 305.9 
-0.226736 0.0455861 305.9 
-0.226747 0.0455889 305.9 
-0.226747 0.0455722 305.9 
-0.226742 0.0455806 305.9 
-0.226739 0.0455833 305.9 
-0.226736 0.0455861 305.9 
-0.226742 0.0455806 305.9 
-0.226744 0.0455889 305.9 
-0.226744 0.0455889 305.9 
-0.226742 0.0455917 305.9 
-0.226728 0.0455778 305.9 
-0.226728 0.0455833 305.9 
-0.226736 0.0455861 305.9 
-0.226736 0.0455889 305.9 
-0.226736 0.0455833 305.9 
-0.226725 0.0455778 305.9 
-0.226719 0.0455778 305.9 
-0.226736 0.0455889 305.9 
-0.226733 0.0455806 305.9 
-0.226739 0.0455778 305.9 
-0.226731 0.0455917 305.9 
-0.226728 0.0455917 305.9 
-0.226733 0.0455778 305.9 
-0.226733 0.0455806 305.9 
-0.226736 0.0455917 305.9 
-0.226739 0.0455778 305.9 
-0.226742 0.0455778 305.9 
-0.226731 0.045575 305.9 
-0.226728 0.045575 305.9 
-0.226731 0.0455722 305.9 
-0.226739 0.0455778 305.9 
-0.226742 0.045575 305.9 
-0.226736 0.045575 305.9 
-0.226736 0.0455861 305.9 
-0.226731 0.045575 305.9 
-0.226747 0.0455722 305.9 
-0.22675 0.0455778 305.9 
-0.226747 0.0455889 305.9 
-0.22675 0.045575 305.9 
-0.226747 0.0455611 305.9 
-0.226742 0.0455639 305.9 
-0.22675 0.0455861 305.9 
-0.226753 0.0455722 305.9 
-0.226744 0.0455583 305.9 
-0.226742 0.0455667 305.9 
-0.226736 0.0455806 305.9 
-0.226733 0.0455694 305.9 
-0.22675 0.0455722 305.9 
-0.226739 0.0455667 305.9 
-0.226742 0.0455806 305.9 
-0.226736 0.0455778 305.9 
-0.226736 0.0455639 305.9 
-0.226742 0.0455639 305.9 
-0.226742 0.0455917 305.9 
-0.226742 0.0455833 305.9 
-0.226742 0.0455583 305.9 
-0.226739 0.0455722 305.9 
-0.226733 0.0455833 305.9 
-0.226736 0.0455611 305.9 
-0.226744 0.0455639 305.9 
-0.226744 0.045575 305.9 
-0.226742 0.0455694 305.9 
-0.226744 0.0455583 305.9 
-0.226744 0.0455639 305.9 
-0.226747 0.0455639 305.9 
-0.226753 0.0455639 305.9 
-0.226744 0.0455639 305.9 
-0.226744 0.0455611 305.9 
-0.226736 0.0455556 305.9 
-0.226742 0.0455639 305.9 
-0.226747 0.0455667 305.9 
-0.226739 0.0455583 305.9 
-0.226736 0.0455583 305.9 
-0.226731 0.0455611 305.9 
-0.226731 0.0455583 305.9 
-0.226739 0.0455611 305.9 
-0.226742 0.0455583 305.9 
-0.226747 0.0455639 305.9 
-0.226739 0.0455611 305.9 
-0.226744 0.0455694 305.9 
-0.226742 0.0455528 305.9 
-0.226753 0.0455639 305.9 
-0.22675 0.0455639 305.9 
-0.226747 0.0455611 305.9 
-0.226744 0.0455444 305.9 
-0.226739 0.0455528 305.9 
-0.226747 0.0455556 305.9 
-0.226747 0.0455472 305.9 
-0.226742 0.0455389 305.9 
-0.226742 0.0455417 305.9 
-0.226744 0.0455472 305.9 
-0.226744 0.0455444 305.9 
-0.226744 0.0455417 305.9 
-0.226736 0.0455417 305.9 
-0.226747 0.0455556 305.9 
-0.22675 0.0455528 305.9 
-0.226739 0.0455444 305.9 
-0.226742 0.0455444 305.9 
-0.226744 0.04555 305.9 
-0.226744 0.0455472 305.9 
-0.22675 0.04555 305.9 
-0.226747 0.0455528 305.9 
-0.226736 0.0455528 305.9 
-0.226739 0.04555 305.9 
-0.226742 0.0455444 305.9 
-0.226747 0.0455583 305.9 
-0.226747 0.0455639 305.9 
-0.226742 0.04555 305.9 
-0.226739 0.0455417 305.9 
-0.226739 0.0455583 305.9 
-0.226742 0.0455611 305.9 
-0.226747 0.0455472 305.9 
-0.226744 0.04555 305.9 
-0.226739 0.0455528 305.9 
-0.226742 0.0455611 305.9 
-0.226736 0.0455444 305.9 
-0.226744 0.0455361 305.9 
-0.22675 0.04555 305.9 
-0.226753 0.0455583 305.9 
-0.226739 0.0455333 305.9 
-0.226747 0.0455333 305.9 
-0.22675 0.0455444 305.9 
-0.226747 0.0455417 305.9 
-0.226761 0.0455389 305.9 
-0.226758 0.0455361 305.9 
-0.226756 0.0455444 305.9 
-0.226744 0.0455417 305.9 
-0.226747 0.0455444 305.9 
-0.226758 0.0455333 305.9 
-0.226761 0.0455417 305.9 
-0.226753 0.0455444 305.9 
-0.226733 0.0455417 305.9 
-0.226747 0.0455222 305.9 
-0.22675 0.0455361 305.9 
-0.226761 0.04555 305.9 
-0.226761 0.0455444 305.9 
-0.226747 0.0455167 305.9 
-0.226753 0.0455333 305.9 
-0.22675 0.0455583 305.9 
-0.226756 0.0455444 305.9 
-0.226756 0.045525 305.9 
-0.226761 0.0455417 305.9 
-0.226756 0.0455528 305.9 
-0.226747 0.0455333 305.9 
-0.226742 0.0455306 305.9 
-0.226753 0.0455361 305.9 
-0.226756 0.0455389 305.9 
-0.226758 0.0455417 305.9 
-0.22675 0.0455222 305.9 
-0.226742 0.0455111 305.9 
-0.22675 0.0455417 305.9 
-0.226758 0.0455528 305.9 
-0.226756 0.0455222 305.9 
-0.226756 0.0455194 305.9 
-0.226747 0.0455444 305.9 
-0.226753 0.0455417 305.9 
-0.226758 0.0455139 305.9 
-0.226758 0.0455333 305.9 
-0.226756 0.0455444 305.9 
-0.226744 0.0455306 305.9 
-0.226747 0.0455194 305.9 
-0.226739 0.0455278 305.9 
-0.226756 0.0455278 305.9 
-0.226753 0.0455306 305.9 
-0.226761 0.045525 305.9 
-0.226753 0.0455167 305.9 
-0.226758 0.045525 305.9 
-0.226756 0.0455417 305.9 
-0.226764 0.0455278 305.9 
-0.226761 0.0455167 305.9 
-0.226764 0.0455417 305.9 
-0.226761 0.0455389 305.9 
-0.22675 0.0455083 305.9 
-0.226758 0.0455139 305.9 
-0.226756 0.0455389 305.9 
-0.226756 0.0455222 305.9 
-0.226753 0.0455194 305.9 
-0.22675 0.0455083 305.9 
-0.226753 0.0455194 305.9 
-0.226753 0.0455111 305.9 
-0.226761 0.0455222 305.9 
-0.226747 0.0455083 305.9 
-0.22675 0.0455194 305.9 
-0.226744 0.0455222 305.9 
-0.226756 0.0455278 305.9 
-0.226761 0.0455111 305.9 
-0.226753 0.0455194 305.9 
-0.226747 0.0455278 305.9 
-0.226742 0.0455111 305.9 
-0.226742 0.0455028 305.9 
-0.226747 0.0455194 305.9 
-0.226744 0.0455306 305.9 
-0.226744 0.0454972 305.9 
-0.226742 0.0455056 305.9 
-0.226744 0.0455306 305.9 
-0.22675 0.0455222 305.9 
-0.226747 0.0454972 305.9 
-0.226742 0.0455194 305.9 
-0.226744 0.0455194 305.9 
-0.226742 0.0455167 305.9 
-0.22675 0.0455194 305.9 
-0.226747 0.0455222 305.9 
-0.226744 0.0455111 305.9 
-0.226739 0.0455194 305.9 
-0.226739 0.0455194 305.9 
-0.226756 0.0455167 305.9 
-0.226753 0.0455139 305.9 
-0.226747 0.0455111 305.9 
-0.226753 0.0455083 305.9 
-0.22675 0.0454944 305.9 
-0.226758 0.0455083 305.9 
-0.226769 0.0455222 305.9 
-0.226761 0.0455083 305.9 
-0.226756 0.0455111 305.9 
-0.226767 0.0455222 305.9 
-0.226753 0.0455 305.9 
-0.226758 0.0455056 305.9 
-0.226761 0.0455194 305.9 
-0.226761 0.0455167 305.9 
-0.226753 0.0455 305.9 
-0.226756 0.0455167 305.9 
-0.226753 0.0455 305.9 
-0.22675 0.0455028 305.9 
-0.226764 0.0455139 305.9 
-0.226772 0.0455194 305.9 
-0.226767 0.0454944 305.9 
-0.226756 0.0455167 305.9 
-0.226753 0.0455167 305.9 
-0.226756 0.0455111 305.9 
-0.226761 0.0454972 305.9 
-0.226767 0.0455194 305.9 
-0.22675 0.0455139 305.9 
-0.226758 0.0455 305.9 
-0.226758 0.0454972 305.9 
-0.226767 0.0455194 305.9 
-0.22675 0.0455139 305.9 
-0.226756 0.0454972 305.9 
-0.226756 0.0455083 305.9 
-0.226747 0.0455056 305.9 
-0.226753 0.0454972 305.9 
