-0.272086 -0.00132778 1.10061e+008 
-0.272086 -0.00133333 1.10061e+008 
-0.272081 -0.00133611 1.10061e+008 
-0.272089 -0.00133333 1.10061e+008 
-0.272078 -0.001325 1.10061e+008 
-0.272075 -0.00133889 1.10061e+008 
-0.272081 -0.00133333 1.10061e+008 
-0.272083 -0.001325 1.10061e+008 
-0.272072 -0.00132778 1.10061e+008 
-0.272075 -0.00134722 1.10061e+008 
-0.272078 -0.00132778 1.10061e+008 
-0.272083 -0.00132222 1.10061e+008 
-0.272089 -0.00134167 1.10061e+008 
-0.272081 -0.00135556 1.10061e+008 
-0.272086 -0.00133056 1.10061e+008 
-0.272086 -0.00132778 1.10061e+008 
-0.272089 -0.00136111 1.10061e+008 
-0.272094 -0.00135 1.10061e+008 
-0.272094 -0.00133611 1.10061e+008 
-0.272083 -0.00134167 1.10061e+008 
-0.272089 -0.00135833 1.10061e+008 
-0.272086 -0.00134722 1.10061e+008 
-0.272086 -0.00133333 1.10061e+008 
-0.272078 -0.00135 1.10061e+008 
-0.272075 -0.00136667 1.10061e+008 
-0.272083 -0.00135278 1.10061e+008 
-0.272089 -0.00133056 1.10061e+008 
-0.272083 -0.00136111 1.10061e+008 
-0.272072 -0.00137222 1.10061e+008 
-0.272086 -0.00134444 1.10061e+008 
-0.272089 -0.00134167 1.10061e+008 
-0.272089 -0.00136944 1.10061e+008 
-0.272094 -0.00135556 1.10061e+008 
-0.272083 -0.00134167 1.10061e+008 
-0.272083 -0.00135278 1.10061e+008 
-0.272081 -0.00136389 1.10061e+008 
-0.2721 -0.00133889 1.10061e+008 
-0.272075 -0.00135 1.10061e+008 
-0.272083 -0.00136111 1.10061e+008 
-0.272075 -0.00136111 1.10061e+008 
-0.272081 -0.00134167 1.10061e+008 
-0.272086 -0.00134722 1.10061e+008 
-0.272069 -0.001375 1.10061e+008 
-0.272081 -0.00136111 1.10061e+008 
-0.272078 -0.00135 1.10061e+008 
-0.272078 -0.00136389 1.10061e+008 
-0.272078 -0.00136944 1.10061e+008 
-0.272081 -0.00134722 1.10061e+008 
-0.272072 -0.00136111 1.10061e+008 
-0.272081 -0.00136389 1.10061e+008 
-0.272092 -0.00135278 1.10061e+008 
-0.272086 -0.00135278 1.10061e+008 
-0.272081 -0.00136667 1.10061e+008 
-0.272089 -0.00134722 1.10061e+008 
-0.272089 -0.00134722 1.10061e+008 
-0.272089 -0.00136111 1.10061e+008 
-0.272094 -0.00136111 1.10061e+008 
-0.272092 -0.00135 1.10061e+008 
-0.272089 -0.00135556 1.10061e+008 
-0.272092 -0.00135833 1.10061e+008 
-0.272089 -0.00135556 1.10061e+008 
-0.272089 -0.00135278 1.10061e+008 
-0.272089 -0.00135556 1.10061e+008 
-0.272083 -0.00135833 1.10061e+008 
-0.272086 -0.00134444 1.10061e+008 
-0.2721 -0.00134167 1.10061e+008 
-0.272089 -0.00134722 1.10061e+008 
-0.272092 -0.00135 1.10061e+008 
-0.272097 -0.00134722 1.10061e+008 
-0.272097 -0.00134722 1.10061e+008 
-0.2721 -0.00135 1.10061e+008 
-0.272092 -0.00135278 1.10061e+008 
-0.272097 -0.00135278 1.10061e+008 
-0.272094 -0.00135833 1.10061e+008 
-0.2721 -0.00136111 1.10061e+008 
-0.272094 -0.00135278 1.10061e+008 
-0.272086 -0.00135278 1.10061e+008 
-0.272092 -0.00136111 1.10061e+008 
-0.272094 -0.00135556 1.10061e+008 
-0.272097 -0.00134722 1.10061e+008 
-0.272092 -0.00134722 1.10061e+008 
-0.272092 -0.00135278 1.10061e+008 
-0.272092 -0.00135833 1.10061e+008 
-0.272097 -0.00135556 1.10061e+008 
-0.272103 -0.00134444 1.10061e+008 
-0.272103 -0.00135278 1.10061e+008 
-0.272094 -0.00136944 1.10061e+008 
-0.272094 -0.00135556 1.10061e+008 
-0.2721 -0.00134444 1.10061e+008 
-0.2721 -0.00135833 1.10061e+008 
-0.2721 -0.00136389 1.10061e+008 
-0.272097 -0.00134167 1.10061e+008 
-0.272089 -0.00135278 1.10061e+008 
-0.272094 -0.00136389 1.10061e+008 
-0.272094 -0.00136667 1.10061e+008 
-0.272086 -0.00134722 1.10061e+008 
-0.272094 -0.00135278 1.10061e+008 
-0.272092 -0.001375 1.10061e+008 
-0.272097 -0.00136944 1.10061e+008 
-0.2721 -0.00134167 1.10061e+008 
-0.272094 -0.00135833 1.10061e+008 
-0.272086 -0.00138889 1.10061e+008 
-0.2721 -0.00135833 1.10061e+008 
-0.272111 -0.00134444 1.10061e+008 
-0.2721 -0.00137222 1.10061e+008 
-0.272092 -0.00138889 1.10061e+008 
-0.272097 -0.00135278 1.10061e+008 
-0.272103 -0.00135556 1.10061e+008 
-0.2721 -0.00138056 1.10061e+008 
-0.272106 -0.00137222 1.10061e+008 
-0.272092 -0.00136111 1.10061e+008 
-0.272086 -0.00137778 1.10061e+008 
-0.2721 -0.00138056 1.10061e+008 
-0.2721 -0.00136111 1.10061e+008 
-0.272092 -0.00136389 1.10061e+008 
-0.272094 -0.001375 1.10061e+008 
-0.272097 -0.001375 1.10061e+008 
-0.272097 -0.00135833 1.10061e+008 
-0.272103 -0.00136389 1.10061e+008 
-0.272094 -0.00137222 1.10061e+008 
-0.272094 -0.00136389 1.10061e+008 
-0.272083 -0.00136111 1.10061e+008 
-0.2721 -0.00136667 1.10061e+008 
-0.2721 -0.00136944 1.10061e+008 
-0.2721 -0.00135833 1.10061e+008 
-0.272094 -0.00135833 1.10061e+008 
-0.272086 -0.00136944 1.10061e+008 
-0.272083 -0.00136944 1.10061e+008 
-0.272081 -0.00135556 1.10061e+008 
-0.272086 -0.00135278 1.10061e+008 
-0.272081 -0.00136389 1.10061e+008 
-0.272081 -0.00136111 1.10061e+008 
-0.272083 -0.00134444 1.10061e+008 
-0.272078 -0.00135833 1.10061e+008 
-0.272081 -0.00136667 1.10061e+008 
-0.272078 -0.00135556 1.10061e+008 
-0.272081 -0.00135833 1.10061e+008 
-0.272089 -0.00136944 1.10061e+008 
-0.272097 -0.00135556 1.10061e+008 
-0.272094 -0.00134444 1.10061e+008 
-0.272075 -0.00137222 1.10061e+008 
-0.272092 -0.00136389 1.10061e+008 
-0.272092 -0.00135278 1.10061e+008 
-0.272094 -0.00134167 1.10061e+008 
-0.272094 -0.00136389 1.10061e+008 
-0.272078 -0.00136944 1.10061e+008 
-0.272083 -0.00136389 1.10061e+008 
-0.272097 -0.00134722 1.10061e+008 
-0.272092 -0.00136944 1.10061e+008 
-0.272092 -0.00137778 1.10061e+008 
-0.272097 -0.00135278 1.10061e+008 
-0.272092 -0.00135 1.10061e+008 
-0.272083 -0.00138056 1.10061e+008 
-0.272094 -0.00136944 1.10061e+008 
-0.272092 -0.00134444 1.10061e+008 
-0.272081 -0.001375 1.10061e+008 
-0.272083 -0.00139167 1.10061e+008 
-0.272094 -0.00136389 1.10061e+008 
-0.272108 -0.00133056 1.10061e+008 
-0.272092 -0.00137222 1.10061e+008 
-0.272078 -0.00138333 1.10061e+008 
-0.272086 -0.00136667 1.10061e+008 
-0.272103 -0.00134444 1.10061e+008 
-0.272097 -0.00136944 1.10061e+008 
-0.272094 -0.00138333 1.10061e+008 
-0.2721 -0.00136667 1.10061e+008 
-0.272089 -0.00136944 1.10061e+008 
-0.272083 -0.00138889 1.10061e+008 
-0.272094 -0.00138056 1.10061e+008 
-0.272097 -0.00135 1.10061e+008 
-0.272094 -0.00136389 1.10061e+008 
-0.272083 -0.00138611 1.10061e+008 
-0.272089 -0.00137778 1.10061e+008 
-0.2721 -0.00134722 1.10061e+008 
-0.2721 -0.00136667 1.10061e+008 
-0.272086 -0.00138611 1.10061e+008 
-0.272078 -0.001375 1.10061e+008 
-0.272086 -0.00135833 1.10061e+008 
-0.272094 -0.00137222 1.10061e+008 
-0.272092 -0.00136667 1.10061e+008 
-0.272083 -0.00136389 1.10061e+008 
-0.272075 -0.00138056 1.10061e+008 
-0.272086 -0.00137778 1.10061e+008 
-0.272097 -0.00136389 1.10061e+008 
-0.2721 -0.00136667 1.10061e+008 
-0.272089 -0.00138056 1.10061e+008 
-0.272089 -0.00136944 1.10061e+008 
-0.272086 -0.00136944 1.10061e+008 
-0.2721 -0.00136111 1.10061e+008 
-0.272103 -0.00137222 1.10061e+008 
-0.272097 -0.00136111 1.10061e+008 
-0.2721 -0.00135556 1.10061e+008 
-0.272092 -0.001375 1.10061e+008 
-0.2721 -0.00138056 1.10061e+008 
-0.272106 -0.00135278 1.10061e+008 
-0.2721 -0.00136944 1.10061e+008 
-0.272089 -0.00139444 1.10061e+008 
-0.2721 -0.00137222 1.10061e+008 
-0.272103 -0.00135278 1.10061e+008 
-0.272089 -0.00138056 1.10061e+008 
-0.272103 -0.00138056 1.10061e+008 
-0.272097 -0.00136667 1.10061e+008 
-0.2721 -0.00136667 1.10061e+008 
-0.272103 -0.001375 1.10061e+008 
-0.272103 -0.00136389 1.10061e+008 
-0.272097 -0.00136111 1.10061e+008 
-0.272106 -0.00136944 1.10061e+008 
-0.2721 -0.00137778 1.10061e+008 
-0.272108 -0.00136944 1.10061e+008 
-0.272106 -0.00136944 1.10061e+008 
-0.272108 -0.00136944 1.10061e+008 
-0.272097 -0.00137222 1.10061e+008 
-0.272111 -0.00136111 1.10061e+008 
-0.272108 -0.00136667 1.10061e+008 
-0.272106 -0.00136389 1.10061e+008 
-0.272097 -0.00136944 1.10061e+008 
-0.272114 -0.00136111 1.10061e+008 
-0.272111 -0.00136667 1.10061e+008 
-0.272111 -0.00136389 1.10061e+008 
-0.272106 -0.001375 1.10061e+008 
-0.272108 -0.00136389 1.10061e+008 
-0.272114 -0.00135556 1.10061e+008 
-0.272108 -0.00136667 1.10061e+008 
-0.272097 -0.00137222 1.10061e+008 
-0.272111 -0.00135556 1.10061e+008 
-0.272108 -0.00136667 1.10061e+008 
-0.272117 -0.00138056 1.10061e+008 
-0.272119 -0.00136389 1.10061e+008 
-0.272106 -0.00135833 1.10061e+008 
-0.272128 -0.00136111 1.10061e+008 
-0.272119 -0.00137222 1.10061e+008 
-0.272114 -0.00136667 1.10061e+008 
-0.272122 -0.00136111 1.10061e+008 
-0.272119 -0.00136389 1.10061e+008 
-0.272114 -0.001375 1.10061e+008 
-0.272119 -0.00136389 1.10061e+008 
-0.272111 -0.00135833 1.10061e+008 
-0.272108 -0.00137222 1.10061e+008 
-0.272108 -0.00138056 1.10061e+008 
-0.272114 -0.00135556 1.10061e+008 
-0.272111 -0.00136111 1.10061e+008 
-0.272117 -0.00137778 1.10061e+008 
-0.272117 -0.00137222 1.10061e+008 
-0.272111 -0.00136111 1.10061e+008 
-0.272119 -0.00135556 1.10061e+008 
-0.272114 -0.001375 1.10061e+008 
-0.272108 -0.00136667 1.10061e+008 
-0.272122 -0.00135833 1.10061e+008 
-0.272119 -0.00136111 1.10061e+008 
-0.272111 -0.00138056 1.10061e+008 
-0.272125 -0.00136111 1.10061e+008 
-0.272119 -0.00136111 1.10061e+008 
-0.272114 -0.00136667 1.10061e+008 
-0.272119 -0.00136667 1.10061e+008 
-0.272117 -0.00136389 1.10061e+008 
-0.272111 -0.00136667 1.10061e+008 
-0.272114 -0.00136944 1.10061e+008 
-0.272111 -0.00136944 1.10061e+008 
-0.272106 -0.00136944 1.10061e+008 
-0.272125 -0.00136111 1.10061e+008 
-0.272117 -0.00136944 1.10061e+008 
-0.272108 -0.00137222 1.10061e+008 
-0.272106 -0.00136944 1.10061e+008 
-0.272117 -0.00136667 1.10061e+008 
-0.272114 -0.00138056 1.10061e+008 
-0.272114 -0.00137222 1.10061e+008 
-0.272108 -0.00136944 1.10061e+008 
-0.272114 -0.00137222 1.10061e+008 
-0.272122 -0.00138056 1.10061e+008 
-0.272125 -0.00136667 1.10061e+008 
-0.272119 -0.00136389 1.10061e+008 
-0.272114 -0.00138056 1.10061e+008 
-0.272128 -0.001375 1.10061e+008 
-0.272131 -0.00136944 1.10061e+008 
-0.272128 -0.00137222 1.10061e+008 
-0.272119 -0.00138889 1.10061e+008 
-0.272125 -0.00137222 1.10061e+008 
-0.272125 -0.00136667 1.10061e+008 
-0.272122 -0.00137222 1.10061e+008 
-0.272139 -0.00136944 1.10061e+008 
-0.272122 -0.00137222 1.10061e+008 
-0.272125 -0.001375 1.10061e+008 
-0.272133 -0.00136389 1.10061e+008 
-0.272125 -0.00136389 1.10061e+008 
-0.272125 -0.00136667 1.10061e+008 
-0.272122 -0.00137222 1.10061e+008 
-0.272122 -0.00136667 1.10061e+008 
-0.272125 -0.00137222 1.10061e+008 
-0.272139 -0.00137222 1.10061e+008 
-0.272125 -0.00137778 1.10061e+008 
-0.272108 -0.00138333 1.10061e+008 
-0.272119 -0.00136944 1.10061e+008 
-0.272128 -0.00137222 1.10061e+008 
-0.272133 -0.00138333 1.10061e+008 
-0.272128 -0.00137778 1.10061e+008 
-0.272119 -0.00137222 1.10061e+008 
-0.272122 -0.001375 1.10061e+008 
-0.272122 -0.00138056 1.10061e+008 
-0.272128 -0.00137222 1.10061e+008 
-0.272125 -0.00136389 1.10061e+008 
-0.272122 -0.001375 1.10061e+008 
-0.272117 -0.00139167 1.10061e+008 
-0.272139 -0.001375 1.10061e+008 
-0.272136 -0.00136667 1.10061e+008 
-0.272131 -0.00137778 1.10061e+008 
-0.272117 -0.00139167 1.10061e+008 
-0.272125 -0.001375 1.10061e+008 
-0.272131 -0.00137778 1.10061e+008 
-0.272125 -0.00138889 1.10061e+008 
-0.272128 -0.00138611 1.10061e+008 
-0.272119 -0.00137222 1.10061e+008 
-0.272122 -0.00137778 1.10061e+008 
-0.272136 -0.00138889 1.10061e+008 
-0.272131 -0.00138056 1.10061e+008 
-0.272139 -0.00136667 1.10061e+008 
-0.272136 -0.00138611 1.10061e+008 
-0.272139 -0.00139722 1.10061e+008 
-0.272142 -0.00138056 1.10061e+008 
-0.272139 -0.00137778 1.10061e+008 
-0.272142 -0.00138889 1.10061e+008 
-0.272147 -0.00139167 1.10061e+008 
-0.272147 -0.00138056 1.10061e+008 
-0.272136 -0.00138056 1.10061e+008 
-0.272131 -0.00138333 1.10061e+008 
-0.272128 -0.00139167 1.10061e+008 
-0.272139 -0.00138333 1.10061e+008 
-0.272136 -0.00138333 1.10061e+008 
-0.272139 -0.00139167 1.10061e+008 
-0.272128 -0.00139167 1.10061e+008 
-0.272139 -0.001375 1.10061e+008 
-0.272131 -0.00138611 1.10061e+008 
-0.272136 -0.00139722 1.10061e+008 
-0.272144 -0.00138056 1.10061e+008 
-0.272133 -0.00138056 1.10061e+008 
-0.272144 -0.00138056 1.10061e+008 
-0.272136 -0.00138889 1.10061e+008 
-0.272136 -0.00137778 1.10061e+008 
-0.272139 -0.00137778 1.10061e+008 
-0.272136 -0.00138056 1.10061e+008 
-0.272128 -0.00138611 1.10061e+008 
-0.272142 -0.00137222 1.10061e+008 
-0.272142 -0.00138056 1.10061e+008 
-0.272131 -0.00139444 1.10061e+008 
-0.272133 -0.00138611 1.10061e+008 
-0.272156 -0.00136667 1.10061e+008 
-0.272147 -0.00138889 1.10061e+008 
-0.272133 -0.00140556 1.10061e+008 
-0.27215 -0.00138056 1.10061e+008 
-0.272142 -0.00138056 1.10061e+008 
-0.27215 -0.00139444 1.10061e+008 
-0.27215 -0.00139722 1.10061e+008 
-0.272139 -0.00138056 1.10061e+008 
-0.272147 -0.00138056 1.10061e+008 
-0.272153 -0.00139167 1.10061e+008 
-0.272142 -0.00139722 1.10061e+008 
-0.272147 -0.00138056 1.10061e+008 
