-0.245456 0.0206361 306.122 
-0.245461 0.0206722 306.122 
-0.245467 0.0206694 306.122 
-0.245475 0.0206333 306.122 
-0.245461 0.0206528 306.122 
-0.245458 0.020675 306.122 
-0.245458 0.0206639 306.122 
-0.245472 0.0206333 306.122 
-0.245464 0.0206556 306.122 
-0.245503 0.0206917 306.122 
-0.245447 0.0206556 306.122 
-0.245492 0.0206361 306.122 
-0.245472 0.0206778 306.122 
-0.245472 0.0206861 306.122 
-0.245483 0.0206472 306.122 
-0.245458 0.0206583 306.122 
-0.245464 0.0206833 306.122 
-0.245478 0.0206806 306.122 
-0.245464 0.0206556 306.122 
-0.245461 0.0206694 306.122 
-0.245472 0.0206806 306.122 
-0.245475 0.0206861 306.122 
-0.245458 0.0206361 306.122 
-0.245467 0.0206583 306.122 
-0.245478 0.0207 306.122 
-0.245469 0.0206833 306.122 
-0.245469 0.020625 306.122 
-0.245464 0.0206694 306.122 
-0.245464 0.0206944 306.122 
-0.245469 0.0206611 306.122 
-0.245467 0.0206417 306.122 
-0.245475 0.0206833 306.122 
-0.245461 0.0206889 306.122 
-0.245475 0.0206528 306.122 
-0.245453 0.0206361 306.122 
-0.245475 0.0206806 306.122 
-0.245486 0.0206889 306.122 
-0.245472 0.0206417 306.122 
-0.245481 0.0206583 306.122 
-0.245456 0.0206778 306.122 
-0.245475 0.020675 306.122 
-0.245497 0.0206472 306.122 
-0.245464 0.0206667 306.122 
-0.245472 0.0206778 306.122 
-0.245464 0.0206694 306.122 
-0.245486 0.0206556 306.122 
-0.245467 0.0206639 306.122 
-0.245467 0.020675 306.122 
-0.245481 0.0206694 306.122 
-0.245475 0.02065 306.122 
-0.245475 0.0206694 306.122 
-0.245461 0.0206722 306.122 
-0.245486 0.0206639 306.122 
-0.245486 0.0206583 306.122 
-0.245481 0.0206722 306.122 
-0.245467 0.0206639 306.122 
-0.245489 0.0206528 306.122 
-0.245483 0.0206583 306.122 
-0.245489 0.0206833 306.122 
-0.245475 0.0206528 306.122 
-0.245492 0.0206444 306.122 
-0.245478 0.0206722 306.122 
-0.245489 0.0206806 306.122 
-0.245486 0.0206306 306.122 
-0.245469 0.02065 306.122 
-0.245494 0.0207028 306.122 
-0.245489 0.0206806 306.122 
-0.245469 0.020625 306.122 
-0.245494 0.0206694 306.122 
-0.245494 0.0207083 306.122 
-0.245497 0.0206611 306.122 
-0.245497 0.0206333 306.122 
-0.245475 0.020675 306.122 
-0.245492 0.0206944 306.122 
-0.245503 0.0206722 306.122 
-0.245497 0.0206417 306.122 
-0.245497 0.0206806 306.122 
-0.245497 0.0207139 306.122 
-0.245492 0.0206694 306.122 
-0.245483 0.0206333 306.122 
-0.245506 0.0207028 306.122 
-0.245492 0.0207167 306.122 
-0.245503 0.0206639 306.122 
-0.245497 0.0206528 306.122 
-0.245486 0.0207028 306.122 
-0.2455 0.0207056 306.122 
-0.245508 0.0206639 306.122 
-0.245494 0.0206583 306.122 
-0.245497 0.0207 306.122 
-0.245494 0.0206889 306.122 
-0.2455 0.0206472 306.122 
-0.245489 0.0206583 306.122 
-0.245508 0.0207 306.122 
-0.245492 0.020675 306.122 
-0.245506 0.02065 306.122 
-0.245486 0.0206694 306.122 
-0.245514 0.0206972 306.122 
-0.245514 0.0206722 306.122 
-0.245514 0.0206778 306.122 
-0.245497 0.020675 306.122 
-0.245514 0.020675 306.122 
-0.245494 0.0206611 306.122 
-0.2455 0.0206806 306.122 
-0.245511 0.0206833 306.122 
-0.245514 0.0206806 306.122 
-0.245497 0.0206611 306.122 
-0.245494 0.0206833 306.122 
-0.245511 0.0206806 306.122 
-0.245508 0.020675 306.122 
-0.245514 0.020675 306.122 
-0.245503 0.0206917 306.122 
-0.245503 0.0206972 306.122 
-0.245514 0.0206806 306.122 
-0.2455 0.0206694 306.122 
-0.245517 0.0207056 306.122 
-0.245517 0.0207139 306.122 
-0.245508 0.0206694 306.122 
-0.2455 0.0206639 306.122 
-0.245519 0.0207139 306.122 
-0.245494 0.0206944 306.122 
-0.245517 0.0206611 306.122 
-0.245506 0.0206833 306.122 
-0.245519 0.0207222 306.122 
-0.245494 0.0206806 306.122 
-0.245508 0.0206528 306.122 
-0.245506 0.0206861 306.122 
-0.245506 0.0207111 306.122 
-0.245497 0.0206778 306.122 
-0.2455 0.0206556 306.122 
-0.2455 0.0206917 306.122 
-0.245494 0.0207139 306.122 
-0.245489 0.0206806 306.122 
-0.2455 0.0206694 306.122 
-0.245503 0.0207056 306.122 
-0.245486 0.0207083 306.122 
-0.245486 0.0206778 306.122 
-0.245497 0.0206694 306.122 
-0.245489 0.0206889 306.122 
-0.245506 0.0207083 306.122 
-0.2455 0.020675 306.122 
-0.245494 0.0206611 306.122 
-0.245506 0.0207028 306.122 
-0.245497 0.0207056 306.122 
-0.245503 0.0206667 306.122 
-0.245517 0.0206806 306.122 
-0.2455 0.0207111 306.122 
-0.245489 0.0206944 306.122 
-0.245508 0.0206778 306.122 
-0.245503 0.0206889 306.122 
-0.245506 0.0206944 306.122 
-0.245508 0.0206806 306.122 
-0.245514 0.020675 306.122 
-0.245503 0.0206833 306.122 
-0.245506 0.0206861 306.122 
-0.245506 0.020675 306.122 
-0.245517 0.0206833 306.122 
-0.245511 0.0207 306.122 
-0.245503 0.0206861 306.122 
-0.245514 0.0206694 306.122 
-0.2455 0.0206917 306.122 
-0.245514 0.0207111 306.122 
-0.2455 0.0206833 306.122 
-0.245514 0.0206778 306.122 
-0.245503 0.0207111 306.122 
-0.245503 0.0207111 306.122 
-0.245506 0.0206806 306.122 
-0.245503 0.0206861 306.122 
-0.245508 0.0207194 306.122 
-0.245508 0.0207083 306.122 
-0.245503 0.020675 306.122 
-0.245486 0.0206917 306.122 
-0.245514 0.0207222 306.122 
-0.245508 0.0207 306.122 
-0.245511 0.0206722 306.122 
-0.245506 0.0206944 306.122 
-0.245508 0.0207194 306.122 
-0.245503 0.0206917 306.122 
-0.245517 0.0206778 306.122 
-0.245508 0.0207056 306.122 
-0.245517 0.020725 306.122 
-0.245517 0.0206889 306.122 
-0.245506 0.0206722 306.122 
-0.245506 0.0207139 306.122 
-0.245519 0.0207194 306.122 
-0.245506 0.020675 306.122 
-0.245503 0.0206778 306.122 
-0.245511 0.0207111 306.122 
-0.245519 0.0207083 306.122 
-0.2455 0.0206639 306.122 
-0.245506 0.0206722 306.122 
-0.245522 0.0207139 306.122 
-0.245506 0.0207083 306.122 
-0.245514 0.0206611 306.122 
-0.245503 0.0206778 306.122 
-0.245508 0.020725 306.122 
-0.245514 0.0207167 306.122 
-0.245503 0.0206722 306.122 
-0.245508 0.0206861 306.122 
-0.245522 0.0207306 306.122 
-0.245506 0.0207028 306.122 
-0.245503 0.020675 306.122 
-0.245522 0.0207028 306.122 
-0.245519 0.0207222 306.122 
-0.245508 0.0206861 306.122 
-0.245511 0.0206917 306.122 
-0.245514 0.0207056 306.122 
-0.245508 0.0207139 306.122 
-0.245514 0.0206889 306.122 
-0.245514 0.0206944 306.122 
-0.245517 0.0207056 306.122 
-0.245503 0.0207111 306.122 
-0.245508 0.0206917 306.122 
-0.245514 0.0207 306.122 
-0.245514 0.0207056 306.122 
-0.245497 0.0207028 306.122 
-0.245511 0.0206917 306.122 
-0.245514 0.0207028 306.122 
-0.245517 0.0207028 306.122 
-0.245489 0.020675 306.122 
-0.245517 0.0206972 306.122 
-0.245506 0.0207139 306.122 
-0.245506 0.0206944 306.122 
-0.245506 0.0206694 306.122 
-0.245503 0.0207056 306.122 
-0.245517 0.0207222 306.122 
-0.245506 0.0206972 306.122 
-0.245508 0.0206722 306.122 
-0.245517 0.0207194 306.122 
-0.245506 0.0207222 306.122 
-0.245558 0.0207111 306.122 
-0.245458 0.0206389 306.122 
-0.24555 0.0207556 306.122 
-0.245483 0.0207222 306.122 
-0.245522 0.0206806 306.122 
-0.245536 0.0206583 306.122 
-0.245486 0.0207444 306.122 
-0.245508 0.0207083 306.122 
-0.245539 0.0206917 306.122 
-0.245475 0.0206722 306.122 
-0.245514 0.0207139 306.122 
-0.245542 0.0207278 306.122 
-0.245511 0.0206833 306.122 
-0.245503 0.0206528 306.122 
-0.24555 0.0207417 306.122 
-0.245478 0.0207194 306.122 
-0.245544 0.0206611 306.122 
-0.245508 0.0206917 306.122 
-0.245506 0.0207333 306.122 
-0.24555 0.0206972 306.122 
-0.245489 0.0206667 306.122 
-0.245503 0.0207111 306.122 
-0.245531 0.0207028 306.122 
-0.2455 0.0207 306.122 
-0.245489 0.0206778 306.122 
-0.245525 0.0207056 306.122 
-0.245508 0.0207028 306.122 
-0.245511 0.0207083 306.122 
-0.2455 0.0206861 306.122 
-0.245517 0.0207194 306.122 
-0.245503 0.0206944 306.122 
-0.245531 0.0207111 306.122 
-0.245506 0.0207083 306.122 
-0.245514 0.0207222 306.122 
-0.245517 0.0206944 306.122 
-0.245508 0.0207167 306.122 
-0.245511 0.0207139 306.122 
-0.245536 0.0207139 306.122 
-0.245506 0.0206917 306.122 
-0.245517 0.0207111 306.122 
-0.245522 0.0207111 306.122 
-0.245525 0.0207139 306.122 
-0.245522 0.0206917 306.122 
-0.245533 0.0207028 306.122 
-0.245528 0.0207333 306.122 
-0.245525 0.0207139 306.122 
-0.245531 0.0206889 306.122 
-0.245519 0.0207194 306.122 
-0.245531 0.0207444 306.122 
-0.245533 0.0206972 306.122 
-0.245522 0.0206889 306.122 
-0.245517 0.0207278 306.122 
-0.245531 0.0207389 306.122 
-0.245522 0.0207 306.122 
-0.245514 0.0207083 306.122 
-0.245539 0.0207389 306.122 
-0.245536 0.0207389 306.122 
-0.245511 0.0207056 306.122 
-0.245514 0.0207139 306.122 
-0.245531 0.0207444 306.122 
-0.245514 0.0207389 306.122 
-0.245514 0.0207056 306.122 
-0.245511 0.0207194 306.122 
-0.245528 0.02075 306.122 
-0.245511 0.0207278 306.122 
-0.245522 0.0207056 306.122 
-0.245517 0.0207333 306.122 
-0.245525 0.0207528 306.122 
-0.245511 0.0207222 306.122 
-0.245506 0.0207056 306.122 
-0.245517 0.0207361 306.122 
-0.245517 0.02075 306.122 
-0.245514 0.0207083 306.122 
-0.245519 0.0207167 306.122 
-0.245514 0.02075 306.122 
-0.245531 0.0207444 306.122 
-0.245514 0.0206917 306.122 
-0.245525 0.0207278 306.122 
-0.245525 0.0207556 306.122 
-0.245519 0.0207278 306.122 
-0.245533 0.0207 306.122 
-0.245522 0.0207444 306.122 
-0.245522 0.02075 306.122 
-0.245528 0.0207278 306.122 
-0.245528 0.0207139 306.122 
-0.245528 0.0207444 306.122 
-0.245531 0.0207583 306.122 
-0.245519 0.0207361 306.122 
-0.245528 0.0207111 306.122 
-0.245533 0.0207444 306.122 
-0.245528 0.0207722 306.122 
-0.245522 0.0207222 306.122 
-0.245525 0.0207167 306.122 
-0.245528 0.0207556 306.122 
-0.245522 0.0207778 306.122 
-0.245525 0.0207222 306.122 
-0.245514 0.0207194 306.122 
-0.245533 0.0207639 306.122 
-0.245522 0.0207778 306.122 
-0.245536 0.0207194 306.122 
-0.245514 0.0207278 306.122 
-0.245528 0.0207667 306.122 
-0.245517 0.0207472 306.122 
-0.245533 0.0207139 306.122 
-0.245522 0.0207417 306.122 
-0.245525 0.0207611 306.122 
-0.245519 0.0207278 306.122 
-0.245508 0.0207389 306.122 
-0.245514 0.0207444 306.122 
-0.245531 0.0207472 306.122 
-0.245519 0.0207333 306.122 
-0.245517 0.02075 306.122 
-0.245522 0.0207472 306.122 
-0.245519 0.0207472 306.122 
-0.245519 0.0207306 306.122 
-0.245519 0.0207528 306.122 
-0.245531 0.0207611 306.122 
-0.245517 0.0207417 306.122 
-0.245514 0.0207333 306.122 
-0.245517 0.0207639 306.122 
-0.245511 0.0207639 306.122 
-0.245522 0.0207389 306.122 
-0.245514 0.0207333 306.122 
-0.245517 0.0207722 306.122 
-0.245511 0.0207722 306.122 
-0.245517 0.0207361 306.122 
-0.245506 0.0207389 306.122 
-0.245522 0.0207889 306.122 
-0.245514 0.020775 306.122 
-0.245522 0.020725 306.122 
