-0.228017 0.0425861 305.908 
-0.228011 0.0425806 305.908 
-0.228011 0.0425917 305.908 
-0.227994 0.0425806 305.908 
-0.227986 0.0425806 305.908 
-0.227967 0.0425639 305.908 
-0.227975 0.0425917 305.908 
-0.227961 0.0425694 305.908 
-0.227967 0.0425778 305.908 
-0.227978 0.0425722 305.908 
-0.227975 0.0425972 305.908 
-0.227969 0.0425694 305.908 
-0.227953 0.042575 305.908 
-0.227944 0.0425806 305.908 
-0.227964 0.0425861 305.908 
-0.227972 0.0425583 305.908 
-0.227964 0.0425694 305.908 
-0.227953 0.0425806 305.908 
-0.227961 0.0425639 305.908 
-0.227958 0.0425528 305.908 
-0.227969 0.0425694 305.908 
-0.227967 0.0425861 305.908 
-0.227967 0.042575 305.908 
-0.227956 0.0425694 305.908 
-0.227953 0.0425611 305.908 
-0.227964 0.0425722 305.908 
-0.227967 0.042575 305.908 
-0.227964 0.0425667 305.908 
-0.227967 0.0425472 305.908 
-0.227958 0.0425639 305.908 
-0.227967 0.042575 305.908 
-0.227958 0.0425583 305.908 
-0.227953 0.0425417 305.908 
-0.227961 0.0425611 305.908 
-0.227958 0.0425722 305.908 
-0.22795 0.0425528 305.908 
-0.227944 0.0425556 305.908 
-0.227933 0.0425722 305.908 
-0.227922 0.0425778 305.908 
-0.227922 0.0425556 305.908 
-0.227925 0.0425528 305.908 
-0.227961 0.0425583 305.908 
-0.227981 0.0425833 305.908 
-0.227969 0.042575 305.908 
-0.227944 0.0425528 305.908 
-0.227928 0.0425389 305.908 
-0.227931 0.0425528 305.908 
-0.22795 0.0425583 305.908 
-0.227975 0.0425556 305.908 
-0.227972 0.0425528 305.908 
-0.227961 0.0425556 305.908 
-0.227942 0.04255 305.908 
-0.227961 0.0425472 305.908 
-0.227983 0.0425528 305.908 
-0.227994 0.0425611 305.908 
-0.227978 0.0425667 305.908 
-0.22795 0.0425528 305.908 
-0.227939 0.0425444 305.908 
-0.227956 0.0425528 305.908 
-0.227964 0.0425722 305.908 
-0.227969 0.0425639 305.908 
-0.227947 0.0425444 305.908 
-0.227936 0.0425528 305.908 
-0.227936 0.0425639 305.908 
-0.22795 0.0425556 305.908 
-0.227953 0.04255 305.908 
-0.227961 0.0425694 305.908 
-0.227947 0.0425639 305.908 
-0.227947 0.0425556 305.908 
-0.22795 0.04255 305.908 
-0.227956 0.0425667 305.908 
-0.227953 0.042575 305.908 
-0.227936 0.0425778 305.908 
-0.227897 0.0425444 305.908 
-0.227906 0.0425639 305.908 
-0.227928 0.04255 305.908 
-0.227956 0.0425611 305.908 
-0.227958 0.0425361 305.908 
-0.22795 0.0425639 305.908 
-0.227922 0.0425472 305.908 
-0.227919 0.0425472 305.908 
-0.227922 0.0425333 305.908 
-0.22795 0.0425611 305.908 
-0.227958 0.0425583 305.908 
-0.227964 0.0425611 305.908 
-0.227936 0.0425389 305.908 
-0.227933 0.0425472 305.908 
-0.227944 0.04255 305.908 
-0.227964 0.0425611 305.908 
-0.227967 0.0425556 305.908 
-0.227944 0.0425472 305.908 
-0.227928 0.04255 305.908 
-0.227925 0.0425472 305.908 
-0.22795 0.04255 305.908 
-0.227944 0.0425444 305.908 
-0.227953 0.0425667 305.908 
-0.227939 0.0425528 305.908 
-0.227919 0.0425444 305.908 
-0.227925 0.0425472 305.908 
-0.227933 0.0425639 305.908 
-0.227944 0.0425528 305.908 
-0.227936 0.0425639 305.908 
-0.227928 0.0425583 305.908 
-0.227919 0.0425583 305.908 
-0.227925 0.04255 305.908 
-0.227936 0.0425556 305.908 
-0.227933 0.0425528 305.908 
-0.227922 0.0425528 305.908 
-0.227908 0.0425444 305.908 
-0.227889 0.0425278 305.908 
-0.227925 0.0425472 305.908 
-0.227936 0.0425333 305.908 
-0.227975 0.0425611 305.908 
-0.227978 0.0425417 305.908 
-0.227942 0.0425417 305.908 
-0.227947 0.0425444 305.908 
